5000 5000
10000
994 5975
260 8215
3876 9000
4017 5637
1379 6302
1651 9767
179 5535
2936 7141
3706 8208
1049 8615
1486 9394
931 8065
3516 8052
771 6953
3729 5834
2968 6600
16 9079
1236 9037
211 5967
4208 7311
2408 9870
4855 5495
4479 9456
2395 8514
1997 8928
2227 7081
2072 9476
1066 5832
4440 9072
4420 8270
686 5104
4575 6949
1462 7655
3923 9507
2739 6107
747 7542
3696 9223
871 9939
2558 8665
4488 7590
2222 5683
2850 7599
2453 9947
4093 6752
2822 7884
979 7908
1273 6240
3598 7685
4065 8563
2306 6685
3291 9735
2409 8963
984 6237
3002 6979
702 6511
102 8415
2088 8273
2609 8602
996 5448
1160 9989
1408 9501
2331 5192
2507 7469
3062 7505
4737 6229
806 6313
801 6005
1942 5132
2978 5381
4494 7964
3315 8453
2674 8241
2349 8040
2950 8223
2012 6182
899 9471
4634 7944
3566 7370
4822 8303
4272 7794
646 9793
893 8200
1836 7353
3969 6314
855 8527
1083 5326
129 9400
1524 5920
3935 6615
4186 9085
899 5331
2321 5314
4979 8714
2644 7154
287 7043
3878 9017
3721 5373
4339 5672
243 7194
2003 7515
2801 6844
3271 8413
2589 8068
1127 5572
4292 6459
4171 9244
4094 6227
4369 6755
1358 5375
264 8067
3009 7704
2696 7650
853 9663
595 7485
1001 5440
2092 7548
3622 9124
1795 5656
4561 7110
4381 8015
2806 6898
3469 8542
2818 7025
256 7468
3261 6772
3648 8585
2473 7955
98 8303
2338 8132
4200 5232
1505 5498
1785 8163
795 7020
4463 7726
968 5950
3218 7356
644 7278
424 7973
3062 8763
1569 8754
108 9607
4550 9363
4583 7060
1377 8602
3014 7891
620 8907
4178 8990
614 9954
1253 7528
96 7436
4083 7098
4237 7701
4018 5874
3637 8252
4657 8688
1308 5507
4562 5740
2479 7683
3662 9486
2217 8770
4489 8753
1060 8968
2638 6553
1799 6360
1848 7325
297 7915
4050 5001
299 6323
504 8076
2448 7739
3176 5577
2974 9747
2904 6264
1361 5562
4829 8440
3737 6963
565 5607
4131 5686
2992 9184
1920 6579
2259 6825
1652 6244
4611 7804
3523 8431
3936 5740
3249 7551
2328 6549
3877 5115
4416 5930
1045 9084
437 5382
937 6172
4629 8890
4110 6106
4576 5858
2124 7324
778 8181
3989 5433
2413 7911
2168 8619
251 8492
1473 6864
3346 5215
1816 6497
3433 6836
1914 5406
4739 7686
3795 6199
2098 5866
1611 7867
311 9803
4054 5751
4327 8836
1816 5774
3866 5183
4508 6536
2312 6325
150 9014
3778 7199
2565 8324
3463 8098
1863 9388
4794 8474
1327 6421
2287 5174
542 5739
187 5124
142 9351
1051 9548
732 8811
1214 9779
2808 9986
1320 6203
3907 6133
260 9127
4515 6541
6 8309
2089 8266
1441 7485
2091 8017
4009 6809
4431 8459
3323 8822
1369 8812
4783 9324
4086 8941
33 5348
1586 7950
1264 6843
4847 6546
1310 7246
3791 8397
4925 7547
2907 8267
475 8214
91 9365
3591 5753
4258 5346
1200 5500
2322 7574
3875 5241
53 9488
1257 9679
1814 9418
2612 7313
3863 6956
4749 8146
1831 9810
1930 7587
208 6172
1957 9176
3918 9719
4747 8476
1599 9928
4454 9086
3958 9459
4888 6453
1571 5512
2472 6177
1484 8340
902 8750
1819 9686
1001 8651
4931 8666
1261 9519
4639 7309
3213 6307
194 6263
320 7653
980 6754
1611 5991
1050 6504
1627 9107
4843 5585
1995 9733
1311 5867
4227 5530
1341 6812
4445 5604
3351 7848
3992 5280
4189 8163
4 7276
2739 9194
3928 5320
929 9040
4337 7780
2543 9096
988 8645
3844 7868
3240 8873
4173 7113
4729 7231
3788 9385
148 9494
590 7044
596 6326
2907 5497
1443 9963
563 9550
3679 5111
1101 5768
2547 6240
788 8260
4502 8931
1840 7107
2689 7713
47 7121
2371 8045
3944 5833
1642 9866
2845 9441
958 6584
1291 5801
1386 9835
1634 6849
4778 8825
4662 8589
4809 9792
3606 7011
3848 6498
4152 9153
4427 7199
4801 9854
547 8348
4196 5372
255 6934
3376 8000
2817 7266
3986 5824
1527 8482
2961 7581
3046 5462
4376 5236
3491 8948
1169 9377
1415 6041
4923 6420
1814 5236
4209 7712
67 9681
119 8953
515 9944
428 6259
356 5739
650 5444
189 8194
3796 8490
2112 5065
1277 6574
2206 5634
366 5506
4140 9878
4959 5818
4287 5403
3822 6114
1793 5329
3075 7824
372 7602
1036 5715
1025 5926
180 7462
1326 9285
456 8390
4421 9633
3128 5072
3829 8497
4025 6512
4441 7704
3220 6015
1652 5090
2592 8164
4153 9568
4733 9675
2145 9978
2776 6462
4386 7065
1039 5015
4847 6731
3896 5767
3941 8781
75 8611
512 5496
597 8252
3898 5159
4174 6650
3636 6597
706 8294
2999 5899
1410 5722
974 8578
4305 9654
3624 5441
4709 8736
3288 8259
1551 9162
2511 6134
1664 5484
178 7350
4944 6477
2124 9095
4272 6198
571 7243
4178 9929
4963 6279
472 9771
2255 9875
494 6189
3446 6860
2559 6337
2875 5448
108 5794
4431 6561
2871 7752
3478 6606
1051 5148
4134 6192
2577 7288
692 9100
3711 7076
599 6249
3665 6129
4086 7850
2552 5208
287 9719
4611 7626
672 7296
1079 9634
2868 5409
4980 5074
4929 8060
1680 8423
3169 9767
4869 9721
4761 8400
78 9267
1712 5056
2177 6680
23 6234
1591 7234
1610 5558
1020 5579
1123 9982
3860 6338
4951 7181
2168 8270
3997 7231
731 5170
1935 8417
1084 8999
1719 7260
277 8593
898 6935
2943 7793
2145 7394
3717 5168
3461 5860
697 6835
2812 5952
1428 7451
2246 5924
2589 9624
2866 5886
1572 8669
2506 5175
1274 5637
1092 7355
2408 7242
3247 9602
1944 8349
847 6799
3309 7930
2824 8469
3226 6352
3932 9229
4402 5457
342 5951
2136 6443
1106 5674
746 7137
968 8075
801 6474
2700 8308
4475 9099
3576 8196
2694 7559
41 8302
585 5605
2947 6148
3202 7193
1 9010
553 6245
1095 8169
3455 9037
4014 6397
3669 6976
1139 7023
99 9248
4890 5222
1682 7445
1186 7052
3208 6087
3060 7965
3647 5394
3603 6239
2522 7625
4834 9003
441 6204
2926 5109
3949 7737
2686 9179
450 9058
3779 5798
2299 9014
684 6160
2099 8486
3298 7483
3730 8376
1354 8537
1414 8877
3891 5978
2725 5028
2083 9892
1766 7192
3409 8070
1421 6600
3158 8126
853 9681
2225 7386
4456 6894
2217 8378
3272 7107
2067 6284
4292 7930
3500 8956
1071 8384
4017 5041
4157 7121
1164 7446
1535 7669
3142 5061
2221 5985
2621 9014
3530 8129
1450 8796
3398 6974
4817 9908
1661 6792
2489 6903
2260 8191
3611 5850
4503 5033
4023 8097
2954 8977
608 9910
1266 9137
3396 6828
3726 5483
4070 8694
3224 7912
430 5350
223 7900
766 5662
31 5974
3631 9433
1958 9189
2389 5548
1213 6481
791 7336
3398 5193
555 5281
222 8544
3560 9005
681 5978
1387 9245
1911 6324
637 9976
3088 5984
4764 7423
896 9559
4346 6165
1364 5332
3734 6308
3303 5371
2327 5523
4280 7847
4884 5674
1288 5025
4889 8058
1119 7846
1490 5114
693 6273
4312 6460
4266 5710
3271 5212
146 5020
200 9110
4137 6330
2907 9026
3220 7892
3760 7042
4596 5598
2307 5808
2115 6992
1950 5293
2471 7278
4569 9390
2208 8140
3448 9543
4014 8535
3336 8943
3844 7380
2006 6090
3618 7118
2801 9336
2010 5070
1541 8357
1517 6005
4364 7147
1842 6386
1155 9392
2352 6942
3609 9933
4715 8857
3202 7655
3143 6188
3131 9597
1601 8702
1250 5742
3533 7942
2259 8698
863 6359
113 9404
2966 5817
3246 7730
1851 7610
1751 9868
3295 6201
2128 8413
742 6753
2829 8432
2428 6082
1652 9556
1340 5491
3907 8239
1184 6478
1179 9100
1168 8432
1616 8800
4665 7811
911 7968
1868 9887
4567 5250
210 8730
3318 7376
4500 8572
4817 5108
1934 7720
1010 9013
836 7405
583 5364
251 8034
4964 6608
2005 9778
142 9687
3274 6112
1083 6644
2753 8285
4307 8358
695 7558
398 5969
983 9900
88 6322
4978 7939
1700 5827
3740 8617
752 5714
237 8309
4782 8071
2069 8853
4347 6234
4175 8194
4610 8471
2620 8856
1300 7054
3244 9342
3557 5369
4001 6514
977 5016
1452 9302
1295 6331
75 9232
1136 9879
358 9167
3223 5281
331 5344
4364 7837
307 7693
1879 5757
1603 8200
2907 5727
2178 9130
2822 8060
2264 8864
2232 6821
1874 9885
498 5980
4961 5734
3917 7665
4413 8126
3653 9550
910 6156
2493 9122
619 9352
3025 9296
49 7880
4320 9404
955 8689
1145 7423
3755 6642
3086 6283
119 7841
2355 9123
1958 7754
1175 8719
2248 6906
3288 6617
2743 5447
3719 9875
1636 9726
3217 7735
3608 8617
1162 9102
3545 7678
1246 5694
3306 7883
4830 8568
1156 8470
4230 5321
330 8878
253 7625
4245 9309
814 9802
3249 5541
4600 7619
1344 7727
4076 7006
753 8975
1645 7836
4910 9324
3038 9532
2950 6981
1998 6207
3489 9867
4898 9865
3090 5464
4454 5289
3973 9627
4493 8494
176 9648
2611 6748
3677 7206
4514 8577
4548 8041
4052 6033
2576 9054
3464 6803
3772 5041
2335 5352
2900 7861
466 6807
2720 5888
4668 7811
2246 6461
4075 6683
2089 6621
38 7110
915 5510
3567 5283
373 8903
135 7938
2667 8895
4356 5626
3285 9566
3349 7369
1031 5137
3874 6217
1177 6270
4240 7139
215 7828
58 6995
1204 5173
1006 9943
717 5767
1882 7398
3273 6581
730 9936
4299 8019
1845 8461
767 5328
4500 7757
2283 6833
2297 8665
1664 8176
4717 9011
3404 7684
4210 9668
4088 9733
1860 8846
930 6967
1200 7462
3836 8752
285 6890
1286 5474
1630 5950
4108 8365
549 9187
1381 7133
2375 9790
3671 8727
403 8005
148 6321
4455 7913
3260 9302
2209 8251
4052 8332
594 8204
1029 5162
4231 9663
3548 7886
3593 5840
1382 9202
587 6062
2971 6779
2038 6351
4067 7941
4707 8477
4055 8923
726 7446
342 8021
1917 8727
1058 9932
287 8073
687 7885
959 7195
4684 9895
1183 9742
3161 9308
1263 8764
3848 6386
1774 5702
3190 7762
1998 9921
2349 5934
4980 6798
1656 8549
4770 6798
4612 6933
3669 7908
1267 7237
1784 5973
702 8548
49 8860
814 8997
2557 8769
4654 9500
4545 6326
1481 6964
3508 7937
3501 5564
832 7366
4464 6415
1485 5088
809 8951
1809 7096
4000 6545
150 7730
3031 8524
4352 7776
3132 6229
3531 9541
4485 8239
1951 7758
1393 8932
912 8362
1095 6890
106 5945
3211 5662
4055 6867
713 5886
1458 7653
1229 8104
2370 9357
2715 7894
3934 5165
1439 5835
4894 9382
2539 9946
4251 7754
1858 8297
1653 5880
117 5405
4858 5885
4213 8828
1522 5819
2513 9597
154 8624
405 7334
2079 6570
4732 8135
2015 9327
3928 7810
2278 9558
3120 8343
1082 9141
2888 7881
1939 9226
1337 8953
936 9317
2537 9473
3540 5664
2094 8206
4154 7126
1871 6268
900 5002
2697 6392
3188 8578
2645 8309
2521 6189
454 8861
1354 7211
1031 9104
1258 7140
2615 6338
893 7517
3038 6413
1038 6694
49 7654
3318 5135
659 7051
3578 6960
1626 7710
1473 5649
2234 9865
2931 7030
2898 6998
411 8681
2211 9801
4525 6790
1357 9499
219 8043
4597 7356
2291 5470
814 5240
120 8599
3613 8070
2578 7286
4743 7659
3037 8466
4682 9017
119 9470
3556 6247
3700 8161
4377 8618
19 7930
4431 7153
2829 6741
1312 7131
4384 8520
410 8991
3043 7769
939 6118
4666 5546
2822 7373
4848 8014
237 7651
2517 9711
4085 8350
947 8250
1041 9402
2195 8119
3275 6561
2544 9097
3978 9058
3968 9027
601 8587
3614 6203
3553 5396
2982 9238
1861 6357
2640 8255
4745 5970
1753 6632
410 5377
3393 6659
540 7096
3694 5988
4023 8201
228 8542
3067 7632
867 9217
3960 5277
2104 6000
956 7662
3130 8055
4472 9836
82 5660
369 6812
1938 8187
642 8240
2274 8090
4462 9039
2157 9266
3139 7738
4175 8453
1476 8872
160 5177
533 8242
4632 8322
903 7638
252 7875
3009 7697
938 7195
1996 5311
419 7361
315 6477
2774 9115
1284 8780
506 5142
2441 5188
2568 9865
3580 5479
158 8363
2988 9205
4396 7086
286 9117
457 7520
480 8062
138 6213
2557 6924
608 6145
4681 7448
175 7694
1767 5370
3084 5541
3424 6321
2923 8173
2959 6034
1175 5099
4019 5657
564 7888
4317 5007
3220 9924
1295 7209
4324 5973
19 5692
597 8708
4490 7607
4897 8611
3064 5770
3809 9040
997 5248
2221 8881
2432 9772
298 7003
428 9719
3564 7388
2735 5686
4917 9492
1333 7949
2463 8267
962 9915
59 5961
3742 9360
2208 8663
1928 5197
2864 9530
2658 9803
334 8329
3181 6561
825 8055
3694 6876
3568 7252
1924 7029
733 7310
243 7511
3744 7007
2467 7076
4851 7933
4873 5268
3203 7888
549 8013
2392 8293
2924 9861
4041 7204
3569 6770
3764 8583
925 6832
566 7365
4026 5958
2950 6681
4158 7593
3470 8807
1562 9964
711 8695
426 6495
1720 9572
1822 7932
62 8495
3691 9262
1277 8579
1481 6407
3225 5621
4596 8798
4438 6813
4860 6469
3425 6843
3143 5605
457 9428
2760 8394
2762 7406
4116 5569
2854 7185
1825 5867
3665 7649
1120 7828
1525 6193
2323 9808
3359 5400
355 5508
1818 9729
1083 6046
1656 7209
3649 8181
1508 6814
4072 6586
716 9387
1843 6924
884 7686
4340 5765
2273 7011
4716 9455
198 9454
1660 5336
2123 8954
2805 5208
1571 5340
1449 8810
2307 6329
1973 9975
268 5739
4749 8537
224 9319
2778 7464
1960 5473
4801 7498
3559 7144
4550 9743
4810 6737
2920 6471
739 6769
4569 5214
4006 9978
157 8907
4119 6345
4177 6513
317 6421
4432 5965
524 9174
1564 8991
1201 9426
3357 7114
4987 6249
3615 5369
1745 6632
692 9746
508 8818
4804 5740
711 9649
2016 8333
3926 6242
2474 5791
2291 9295
1372 6037
3700 5514
297 9030
2060 8582
1859 5122
4680 6486
1556 7007
2225 8374
1527 6466
4973 9456
2337 5230
973 6466
1223 8605
4000 6016
471 7956
4197 8347
1022 5861
2066 9244
1867 9220
2480 8081
4610 7502
1438 6956
130 9848
2153 6722
572 6411
3532 6168
4122 8712
3222 7691
676 6279
4623 8738
4314 8845
4999 8710
833 7126
3077 9211
1717 6588
1576 8655
1016 8361
3720 9372
1093 8846
4521 8225
4782 6270
3907 9361
996 8545
2474 9420
2078 9845
3747 7902
4459 9044
3433 5523
3451 8932
464 9368
4018 8756
190 6423
4878 5911
1529 5122
925 8505
307 5290
4946 7263
2640 7845
276 5341
1604 6648
4401 5667
4524 7215
283 6683
3895 9176
3418 8384
1538 7399
1364 5897
583 7514
4403 8359
713 5921
740 9366
1661 6024
1287 6148
3722 6778
787 9541
1447 7673
1278 9988
1287 7763
171 5947
4528 8087
3585 7231
3072 8414
3696 6583
4119 9329
988 9398
1447 6487
920 5025
4255 6227
569 7250
2085 9229
1255 8080
2965 5765
808 6212
1210 5266
1648 6067
3017 7291
4557 7252
1153 6597
4930 5800
1079 5383
3921 7896
4570 9527
2830 8679
2058 8001
3491 8401
1481 6830
3196 8693
2154 6361
4082 8648
4853 6653
3663 7618
4346 7013
581 5859
4517 6002
4979 6552
4367 9111
880 5283
3097 7400
4420 8237
1634 9561
1645 9493
2873 8922
1670 5200
573 9929
1634 6548
2202 7603
1810 6333
1217 5399
3243 5722
2690 7769
4985 7724
4151 7607
752 8785
3950 6406
3917 7111
3885 7567
1317 6662
1976 7059
947 8443
1689 5791
2102 6480
2515 9982
562 6630
3386 7392
4981 9086
1849 8065
4151 9235
2372 9766
1501 7731
1028 6610
3408 9900
1158 7517
2440 9987
1498 5248
933 5421
1549 6137
327 6909
4303 7278
4805 6682
4566 7661
1157 8441
4970 5947
4817 5307
4852 5712
3697 8198
3364 7926
4022 5730
1616 6238
627 5279
3698 5489
4097 8267
3881 9469
2027 5001
706 9003
4937 7855
4871 9000
3895 8929
1130 9146
1841 8255
2383 7734
3442 9657
2470 7335
1225 6222
1599 6414
1502 9867
2142 9713
3365 7793
21 9223
291 8951
2803 6917
3147 9873
4827 8204
3813 9698
978 6976
2481 8928
436 7920
3493 6261
3940 5875
2583 7938
2459 8349
2849 8146
1056 9609
1042 5013
1232 7444
2853 9401
4076 5545
1069 5736
4933 5105
1553 6970
1535 8306
1785 7242
1682 8864
4426 6150
1575 5485
4864 7231
3540 7444
1583 7336
1356 7490
4035 9299
3094 9613
4758 7419
2797 5449
3338 6141
4151 7247
4987 7165
329 7713
3951 6839
657 6717
3232 8573
3109 9356
729 5289
2760 9301
1473 8454
640 9664
1754 9964
1154 6457
1198 5945
2483 8922
4064 6409
2682 7620
3659 8713
123 8980
1497 8998
3659 5940
1085 7590
509 5112
2996 5808
2762 7926
3278 6910
3467 7828
1112 8072
4709 8589
3059 9874
2298 6099
1837 9707
851 5615
4230 7311
99 6886
3495 6835
246 8144
4211 7628
1027 9010
1334 5090
1062 8076
1138 5180
1414 7626
4030 9023
3867 9313
3464 8368
3927 7652
1281 9914
3480 7426
1542 9141
3458 7906
4784 7855
4681 5198
1200 6921
1015 7509
1352 5630
1100 8056
4695 9005
4372 8038
4434 8996
3844 7533
2243 8620
542 7271
2698 8802
226 6467
1007 9882
3587 6590
3248 5438
1000 9594
649 5386
1976 7847
2736 9158
3562 9053
4131 7581
3287 7166
2643 8765
1888 8395
4536 7396
1056 6758
4036 7319
2654 6507
3353 5794
422 5667
4539 8805
3962 9791
124 9746
4363 6858
4628 7766
169 5043
2562 6084
3473 6852
4294 7199
3820 9623
3004 8051
1329 9724
3506 9255
397 6751
1142 6638
4538 8787
1338 7193
4859 8518
2794 6694
553 9135
764 8681
4619 8504
598 8922
2298 6062
4320 6130
4442 7836
676 8825
3830 5320
3029 8775
4255 7989
962 8387
1521 7479
3588 6160
3526 5612
3684 6152
1229 8100
4173 7230
1961 5407
220 9308
2322 8193
2581 5444
4311 7717
3080 7971
264 9752
3994 6295
3591 8608
1957 9214
2094 8645
3503 8567
3860 5924
2394 6508
3048 7773
2733 8693
3640 8235
1258 8014
3218 8241
2026 9223
4774 6651
469 7043
699 8579
639 8508
3079 5531
3761 8355
1266 5005
1206 8921
3801 8075
1676 5850
4635 7947
1925 8501
3859 6332
1937 7538
2367 7953
2399 7718
3393 8324
4653 9424
1718 5477
3260 7115
2694 6321
1527 5940
1619 8264
3176 9085
3777 5302
3253 7847
3567 7562
3270 9166
734 6822
3558 7791
4468 7126
4997 9150
3557 9976
1394 6989
964 5293
4334 5067
1336 5391
664 6400
4504 6272
4270 8586
4728 5484
2909 9668
4116 9583
3531 8220
3151 8066
1066 9623
1438 9116
3440 7134
936 6303
2415 8345
2686 5437
1583 5252
4776 6332
3415 9319
619 5805
671 5348
156 9695
2316 9565
3271 5077
1580 7310
451 6680
596 9333
2176 9641
50 9624
2052 6833
2977 9612
1773 6418
1500 8827
1924 6322
4951 8846
2093 6916
1384 7576
2761 6236
402 6775
825 5105
1256 5615
3579 6554
1343 7923
4250 5984
1690 7888
3066 8614
3388 6959
1323 6455
1173 7272
2021 5012
1616 8266
3735 9337
1594 7800
3200 9548
4942 6396
864 9196
2383 9546
3935 5825
2084 7842
4967 7071
2701 7078
4921 6109
1733 8201
710 8313
1943 5008
4012 8185
4101 9532
2485 7354
3195 6980
932 8886
117 6917
4737 6063
2361 8524
2494 5697
760 5883
839 5685
1698 7634
876 5668
1182 6572
239 5389
4246 5577
1864 7535
2402 5656
4866 9334
1845 9601
2061 5176
1909 8704
569 8722
3908 9013
4751 6934
369 8808
1270 5356
4500 8860
4032 7302
1221 6344
2146 8676
4380 5267
4897 6670
676 9942
3340 8198
1340 7116
3872 8048
3356 7370
2263 9118
3377 8050
2263 9906
4638 8355
3626 6239
1004 7815
1190 8065
4836 5857
2048 6788
1409 7469
4548 8652
4569 8939
3804 6826
226 7726
4850 5077
1713 7500
3486 5756
2909 8669
2578 8689
151 9461
4962 8197
3974 7374
4050 7480
895 9096
3428 7488
4334 8650
690 6206
321 9399
502 5898
4581 8499
3137 5074
4368 8215
1813 7473
1317 8054
2068 6163
1183 7782
4812 9809
2675 9751
4357 7264
3473 8346
3397 5310
407 5255
1384 9510
3066 6457
3110 8252
1003 8326
2628 6775
2233 9486
1897 8705
62 8044
2025 9269
2831 8472
33 9641
2761 6590
1571 7686
4093 5312
3816 9617
2088 9856
2537 6961
1936 5996
1858 5062
1433 9901
3567 5954
2825 6220
522 7246
4101 9647
510 8851
1468 8340
4808 6726
2016 6083
2227 9998
222 5370
532 6048
1314 8537
4139 8240
743 6187
4652 8109
1309 5623
4263 5534
1511 8447
954 8060
38 6417
3725 6653
2515 5394
2442 7967
492 6073
4654 9446
2200 9263
3690 9811
1643 5438
887 6599
4231 5882
1309 9615
2231 9704
3771 6329
3616 8625
4042 5302
1605 5426
854 9898
3162 5698
4904 5664
4918 9130
4459 9989
350 6402
3087 6408
3608 9742
453 7928
3165 8868
4956 9049
1497 8472
4779 9355
2078 6282
2741 6472
2966 9622
1228 8707
1134 7153
1963 7027
2644 9089
381 5225
1809 8863
4821 5898
1098 9307
2702 9201
1190 6641
2828 7985
2678 6576
19 5496
2028 5108
375 9113
4365 5840
4399 5604
2580 7026
263 6591
112 8836
2666 7115
810 6860
1585 9771
4082 8977
4936 9278
4190 6999
1169 8612
1714 7875
4466 5702
2310 6346
3971 7879
2663 8221
3711 5742
2714 7323
2632 9506
3304 5156
3636 6110
899 7538
4145 9722
4099 6165
4471 8607
589 9988
666 9245
532 6950
783 9758
2254 6519
1908 9186
3449 9472
4347 7109
2111 5574
52 5902
4906 6427
3533 6566
4379 8387
94 8644
508 8694
3602 8827
1285 6001
3055 6105
1855 8186
2682 7541
794 8115
1407 9269
3663 8118
1747 7582
4230 8006
4162 5668
2388 7048
2078 9005
527 8840
528 5500
2893 6729
4115 6943
4269 7559
3156 7084
4912 7085
1607 9034
4820 5685
918 9743
345 9010
4631 5262
1804 5736
652 5986
2964 7276
3489 5170
4367 5274
1642 5495
510 6568
4146 7632
2168 5336
1706 5826
958 9086
3153 7784
1374 5829
329 7277
2092 6864
4452 9383
2449 6506
609 9599
2202 8946
1467 7622
1626 9751
3254 8029
3416 5627
2315 5958
1465 7860
1834 5691
2542 9826
1004 8339
4629 9768
2508 5695
3070 5699
4436 9818
864 8486
1921 5184
3531 6624
3212 7990
2166 6534
2182 6012
4953 5328
3740 7299
3132 8863
4294 9290
3136 6132
2583 5435
1923 6184
4913 8195
2512 9137
373 6322
1301 9199
4497 9929
548 8447
3055 6471
2976 6464
49 8820
822 9655
1104 7310
3993 8581
1572 7872
2310 9805
4740 8519
3471 8320
936 6463
4745 5221
1089 6879
4415 5217
3923 9460
4688 8778
3126 8694
2617 7711
2579 9677
1583 6254
2240 5374
3733 9963
2509 9962
4742 9286
2323 9964
4109 5480
1530 5194
4179 6591
814 5962
560 8904
2213 6460
2551 6315
3351 7642
2352 9692
1885 6650
4065 5724
194 6805
1983 5399
2746 9909
271 8312
1863 7476
516 6534
3540 7821
3281 8544
3459 9709
224 5310
1448 5477
3456 8193
287 5669
711 9567
3831 7819
2317 9892
4221 7200
3502 8436
4493 9704
3770 7953
760 9527
4877 6297
1247 5778
2880 5467
2463 6841
4221 7189
4525 5982
882 7966
2423 5171
493 8229
4246 7421
4611 6364
1244 7044
1835 7981
4797 6516
3269 7466
473 5218
4479 9443
1742 7672
3785 5786
4740 9696
1744 6862
4483 5896
1283 9785
2284 5708
1561 6845
4333 7459
3572 8216
252 6535
2373 9423
433 9312
311 8671
2005 7468
1943 8209
2964 8688
3554 5847
686 7850
2820 6466
928 7761
2540 8405
2474 6905
3131 8419
1547 7520
674 6170
4814 6155
1756 9193
2725 5816
2137 6144
1495 5202
4095 6280
3559 5692
2638 9123
1361 9691
72 8992
1689 7276
1662 8215
2582 9796
3023 8336
991 6342
4797 8725
2111 5631
2112 9133
91 7337
260 9027
273 9285
3264 6882
1635 5243
737 9416
3313 7980
1060 6991
4024 9763
1799 9802
2112 6856
4145 7097
4201 5656
4569 9586
1606 7195
3863 5901
4177 8032
1297 8206
670 6271
4563 9458
728 8849
33 7359
3875 7215
2666 7958
1993 7686
369 5750
1698 7919
1912 7594
3615 6116
254 8683
3708 5133
1556 6300
722 5659
4903 7097
2515 8027
3064 9319
2350 9918
4891 7659
2580 8696
387 6748
3021 6785
2177 8839
2089 7177
49 8171
2685 7390
3019 7130
1715 9286
3191 8976
4072 6395
2344 5433
1729 8723
2270 5802
3912 5339
2911 5282
1593 5157
1504 5760
176 9163
3349 5928
1545 8269
2481 8911
1169 6143
620 9352
1798 8710
832 7768
2624 6953
1022 6513
1251 9805
2650 9169
565 5267
779 7606
1537 6101
3651 6239
3998 5605
4550 5517
617 5825
4283 9652
4514 6914
4828 6946
3597 7990
2911 5725
4690 7324
3102 8442
3720 7992
1787 6024
675 6899
2411 5104
2496 8585
314 9094
3132 7744
4166 7811
3536 9129
3619 6716
1064 9940
4000 5213
3132 7408
3321 5768
1431 7295
2767 5414
4354 9918
2624 6409
4936 9990
3092 7836
4519 9755
421 7619
2508 8055
2911 5026
1904 9343
337 5334
3831 7332
4697 5058
3299 8017
307 6197
4988 6915
2375 6737
3081 9847
4083 7006
569 6799
4783 5753
458 9588
4676 6820
466 8430
4659 5715
2715 9702
4783 8106
2284 7752
1353 7591
4440 6441
729 8223
2336 7743
4160 5063
2046 6248
98 9088
2221 6087
1510 8311
1738 9762
127 6772
4214 8659
3543 8687
4842 8453
4894 6543
3512 5660
3290 8845
2226 5579
912 5752
4074 6008
1198 8290
4061 6799
4363 9991
1693 5541
945 9685
666 6468
3362 7165
4414 6440
2630 8742
4685 5504
3100 9501
3669 9561
2333 6106
3885 9223
3938 7379
2066 5114
2553 9707
2402 8745
4629 6605
3332 5762
1178 8938
835 8047
742 6092
3231 5469
2172 8466
4170 6796
4662 9109
3404 6342
970 5634
4694 6596
1833 6979
1439 6259
217 7500
1544 8854
1540 5563
128 7651
1616 5902
1962 7604
121 9343
3698 9448
2917 9332
836 8347
43 7266
18 5879
2762 8753
3920 9772
3077 5844
2729 5234
2048 5342
2337 5869
4659 8399
4228 9732
4547 9082
3221 7471
909 9197
4927 6566
4580 9748
2622 7311
2604 5022
2642 9804
2159 8073
4778 9980
1817 7027
1286 7660
1378 5766
3698 9813
2113 9575
1501 9230
1025 5451
2914 9303
1932 5609
2047 7637
4138 8435
2821 8956
2792 9204
2895 7208
2106 9391
3358 6335
1646 5463
4605 7723
1158 8597
2350 7990
641 5639
2941 7048
4793 5092
341 9266
3111 6751
1542 8927
1179 6391
2371 9334
4752 6721
4537 9644
2281 9562
3157 5849
425 5890
3585 7671
2658 6044
1352 8517
722 9977
3172 7833
4530 5626
4478 9984
4976 9927
1358 7238
3280 9449
2480 7354
2402 8971
3080 7853
3310 8391
4025 5322
3185 9490
4639 5449
479 9522
4370 6240
1029 7307
3483 8155
1312 8585
4000 6010
3223 7782
1302 5405
4505 7475
105 6774
4665 6181
2688 7913
3816 7178
2024 9617
346 7858
4919 7813
815 7051
2307 9631
2062 9234
3327 7735
4652 9538
2364 6202
3571 8291
1927 8087
1472 8264
2218 6613
1159 7050
3508 7391
3113 8208
361 7257
2853 7819
1016 5001
2898 7773
196 5003
495 5273
4624 8297
4956 8096
4504 7360
2508 8374
3485 5057
3135 5227
3773 8852
842 5659
2511 8420
4366 5192
229 6535
2191 7637
2726 6329
615 8398
4652 5706
930 5554
4652 7597
1673 9195
765 9537
2972 7621
3067 6188
4336 8055
506 8628
4357 7700
2005 7996
4643 5601
2128 5014
1366 8670
1296 8497
2429 6708
4724 9336
3069 5068
1005 5997
1235 5136
4407 8679
4318 5401
1145 7248
2388 5114
3733 7368
2310 6197
449 8572
924 8598
3593 7924
2637 7144
3828 9664
3117 8822
3323 7835
695 9466
1796 8994
3430 5368
2902 6369
1077 6949
143 7569
4066 5578
4879 9780
3709 5838
3059 6833
4448 9866
62 6644
3758 6020
2247 9470
1724 9851
3083 6536
139 6145
2923 6927
3398 9446
2285 7264
4074 5638
2760 9183
2227 9437
468 7868
4208 9512
1342 7894
3833 9302
2686 6737
1241 5942
2583 8271
3589 9970
2454 7425
4856 8516
1809 7842
4130 7565
4757 9084
3456 5788
260 7002
3528 7432
102 9567
4763 9793
2198 6432
1918 7393
4258 9580
3144 5871
1212 8554
3955 8642
3506 5226
1151 7148
4909 6038
4978 6371
1956 9903
3064 6262
1338 5402
2188 6719
4530 5511
628 9361
3175 6527
191 9243
696 6445
1307 9361
4131 8431
994 9566
3713 8055
973 6068
1375 8264
3320 6805
200 8600
3779 6179
765 6977
580 7603
65 8412
170 5411
966 8843
4479 8412
155 5138
1181 6781
2486 9000
4925 5972
3671 7771
721 6179
3764 6046
436 9386
1977 8925
3478 8562
4273 9866
2694 7371
3799 5980
190 5294
3596 8730
4974 9497
1710 9395
4626 5296
2896 9963
1944 5155
2852 9869
3732 8490
1425 7519
3183 9866
3990 7700
4749 7945
2427 5284
3736 8660
3981 8001
3643 8074
4667 7436
3063 6541
363 8347
1997 6050
2905 8670
895 6607
284 6433
2204 8224
2287 7022
3334 7109
516 9119
1982 6514
2113 9866
435 6081
2439 7874
370 6282
2656 5103
4801 8452
220 7140
1636 9819
4708 5335
1287 9190
798 5717
302 5829
3121 8932
4474 6602
3521 9737
1700 7255
4864 6603
4973 5905
2769 5345
738 7805
2893 6094
4395 9111
955 5042
2599 8462
1359 8107
3355 9647
38 8612
3350 9842
3866 7363
3852 5586
91 7304
1239 9323
1416 6933
127 7821
647 6370
317 5530
1790 9113
4733 9045
798 7161
1101 5304
2894 7078
2322 5719
1271 9501
3501 9410
2556 5144
2781 6152
677 5495
1238 8317
3571 8363
2120 6416
4287 8154
1001 7666
4026 6674
3971 5913
2659 6452
2923 8921
4569 9219
76 9125
286 5032
3821 7760
2263 8129
3891 7041
3829 9796
3493 9025
1419 6275
2163 8949
3014 9844
1603 8460
4700 5628
1526 9613
2669 6617
3420 5282
1639 5474
1594 8050
3716 8588
3891 6959
4837 5699
4060 6652
1423 5604
1727 6316
2076 6380
1030 7526
2427 6803
4950 7056
1635 6936
2723 5862
2981 9685
4723 6149
553 5870
4011 6535
3865 7992
2087 5483
1521 7020
858 7342
4014 9026
3299 6825
825 8811
3287 6412
313 9237
33 5669
2361 9988
2123 8627
4842 9109
2673 8710
1983 7182
3681 7884
3169 6268
4191 7935
4017 8524
4400 8057
3297 9190
2806 5085
776 5619
2683 5067
4171 9803
4221 7531
4397 6823
2118 6550
2014 9802
471 5165
2919 5615
3961 8937
2325 5491
1619 8893
339 6745
3096 9700
2603 7722
2171 6826
3865 6804
996 7314
2291 7452
1332 5660
338 8137
1391 9021
3347 9961
4855 7301
670 8229
3300 6207
2188 9849
22 8789
247 9254
4295 9949
3020 6035
3458 9726
3160 5440
1158 8814
1456 9444
4476 5188
3259 9972
2522 9555
4870 7399
2151 5379
2211 8630
609 7108
1380 8327
2747 5938
4385 6062
4225 7155
4865 8397
4264 5778
3063 6319
3609 7400
185 5447
189 5379
2618 8405
2635 5441
2535 5814
1103 8977
3442 6463
1903 5046
4823 5738
4987 5460
645 7524
1344 9510
851 5452
475 6571
590 7999
4554 6445
1830 9262
1837 7856
2946 8366
4175 8649
4246 5729
2392 6322
477 6424
1917 6968
1083 6020
1367 7246
2926 8642
2882 9831
4102 7760
2858 6946
411 9108
1946 9697
3412 6876
2733 9609
1100 6670
3814 7291
3503 6368
3096 9222
411 8135
677 6460
4627 7324
171 9244
3413 5250
4689 7593
1267 5279
1258 8316
4423 8662
1572 6683
3299 7160
341 8986
1384 8096
275 8405
1752 5575
4919 8936
3589 5233
1954 8137
961 9031
596 6761
1870 7562
2723 8206
1508 8580
4082 8367
2654 5972
4689 9464
3843 7601
2527 8325
245 8519
4127 9084
3113 7711
3861 8721
2600 7485
1379 6676
3764 8591
3801 8505
4829 8636
1659 6236
1537 5489
2518 6265
2532 6208
1568 5882
1928 6690
687 9990
1714 6723
405 7766
4919 5695
1392 6370
4652 9555
2463 6972
3814 5476
4961 6664
2017 7249
2629 8314
565 9622
4306 9033
4820 5696
3985 8619
3187 5393
163 6790
311 8421
4302 7084
2924 5575
2881 6354
3123 7029
162 7657
3836 5825
4831 6278
2430 6636
3533 8755
1332 5896
930 7506
3443 6176
1829 9086
2178 9114
4628 5265
4763 5740
735 9532
3538 5129
1265 7604
2553 8055
3309 5352
4151 5315
3049 8041
3565 7735
2193 7574
2337 9630
2089 5776
2562 9309
1758 9522
1616 6181
63 7232
4576 8981
3257 5856
2071 5184
65 6846
3919 7248
790 9548
1927 7664
701 6129
570 6193
1953 9748
752 6728
2490 7192
4320 9187
2090 9671
4660 9090
4352 5299
4558 7184
629 5247
2170 6422
731 5067
2662 6417
25 5608
3679 9613
253 9573
1980 7028
4161 9294
1117 7991
2928 6880
4191 6828
71 9141
1754 8713
67 9728
2087 7985
4932 6212
3398 8128
3602 5617
596 9758
4570 7164
1937 9188
646 9173
3807 8964
1102 9088
1927 7123
1483 5276
4164 8677
660 6751
4053 6473
4653 5995
3740 5516
4455 9001
4266 5601
4477 9172
993 5174
3010 5379
1562 8757
3607 7909
2247 6961
742 8660
1685 7187
1323 7676
587 6918
3935 5508
441 9037
2129 6466
4494 9212
1087 9156
3366 5422
2277 7824
4073 7191
2760 8013
3071 9207
4508 8377
2385 6874
1918 8289
1164 7239
3944 8970
4082 8731
3638 8095
1066 7482
1912 8496
2999 8468
1436 7191
2032 9705
3032 5625
2547 5503
862 8756
1870 9649
4997 6050
4811 8205
2740 9574
1994 6332
4516 6362
2583 7527
2141 9629
4530 5781
3758 7071
3522 6401
1792 9786
4567 6510
1799 6941
148 8155
557 9211
620 9003
1214 9458
2651 5092
1314 9367
971 5278
2276 9332
1970 8856
556 7722
4098 5223
4877 8509
331 8687
3570 5908
1119 6416
1020 5457
3267 8242
2447 9196
2937 8611
3678 6024
236 9118
4569 7025
1660 9118
4469 8441
1851 5471
3540 9513
375 9447
1070 8799
2201 8936
3862 6815
2764 9351
3428 9627
1744 9317
4949 6936
1857 9132
4298 8810
3071 7881
3667 7653
4010 7252
4547 6241
4955 8782
2619 9237
359 9349
3646 7890
4243 9812
723 6925
4884 9638
4491 9244
616 5274
3158 9928
4943 9263
3058 9220
3335 5441
2673 5266
2588 7032
2159 8563
3405 9519
2318 6244
3629 7697
3882 9004
4181 9675
2278 6056
4904 8141
1852 6398
1849 8197
163 8600
2812 8491
1612 9051
1331 5715
4291 5699
4027 8917
2209 6841
1182 9257
4241 6366
772 8428
172 9284
3509 6316
2769 8241
2654 8331
1171 6616
306 5855
2047 6182
622 8556
4166 5131
3154 7954
2942 8821
1226 6020
3859 5409
1967 5964
4246 5400
2210 5745
1335 9113
818 5071
3064 5420
3482 5525
4073 7680
1905 8983
4562 9004
2722 9140
3521 7909
4595 7103
4115 9127
3303 9773
2268 5853
734 5578
1394 7914
3076 6812
4247 9771
3635 7175
2382 8519
2873 9075
3870 9354
1976 8858
4435 5411
1485 8589
126 5337
2799 9442
1506 5903
1509 8417
2963 5145
3234 7611
133 5735
2097 7322
4859 8118
2257 5189
3126 5189
4162 9364
3092 9967
1301 9425
1654 7078
4854 6752
758 6941
222 5898
1278 9810
1603 5141
3596 6854
223 7965
1166 8986
4127 5200
4816 8851
1723 9089
2040 7880
4586 6581
4563 5158
562 8177
3239 6548
2571 5421
285 8450
2429 7321
339 9175
789 8122
1537 7438
3212 9651
4434 7278
622 8912
1806 6476
2941 9228
1123 8877
4104 5039
222 7339
3867 9495
4340 5339
2850 6907
971 5508
4899 9436
724 9038
4106 9755
2983 5023
116 7891
3673 9340
4202 7218
3368 7323
4649 7898
194 9240
3892 7839
486 7771
1661 8247
648 6889
87 5209
2425 8070
1573 8025
2090 8299
390 8092
3802 7462
3184 7715
347 7247
3717 9720
447 9137
1201 5294
723 8156
3857 7949
3533 7331
1626 9811
3402 6155
3427 7833
3525 6426
242 7364
502 6667
741 7252
4826 6120
1174 8678
4095 9919
1030 7958
1858 5359
72 8032
356 9411
4727 6796
1635 5137
194 8173
1216 5371
4216 6959
4795 7669
1990 9415
2889 5373
3852 5784
1568 8381
2461 6121
3988 9666
1425 8705
1115 6527
3785 5697
486 7408
2032 8675
2068 6310
1345 5547
3203 5714
368 7881
3621 8581
959 9346
148 6030
1735 8400
1396 5547
3986 8968
3729 6643
3283 8461
2492 5871
2409 5896
3848 8089
2463 9018
4272 5351
4194 5136
82 7441
4722 6989
3942 7217
1901 7941
201 7212
1411 8887
2439 8161
2798 8347
2674 5655
2386 6738
2254 7458
3921 8697
4638 8575
3369 6568
4640 9286
4738 8433
1622 5572
3504 9726
1514 6061
2606 8559
1086 5349
4499 9758
1208 8018
1427 9951
3133 7568
1864 7550
4705 9341
2490 6099
1806 7148
2399 9109
18 5325
3812 7350
4370 6877
3201 9231
607 9513
4371 8893
4849 8418
159 7014
4185 8495
4935 5345
305 8883
4391 8105
314 9096
2378 7140
3160 5550
2318 5194
2504 5981
829 9231
3030 7297
1955 5847
4196 5864
1330 9920
4719 7681
3556 6140
3936 6578
2904 8337
2057 8083
1216 8212
378 9241
4161 7455
662 6518
2805 5561
1326 8861
3493 7989
3130 5897
1263 7072
3659 9529
1215 5876
4981 5305
4391 9568
3217 7846
4728 7579
3206 5689
1734 6797
516 6783
69 8586
1541 5403
1119 6328
3610 8125
422 7222
3515 7433
201 7524
1426 7498
4520 7877
4814 5018
3591 8109
4250 8648
1327 6480
3068 6124
2400 6976
2745 9057
3453 7303
1786 7399
4770 8885
503 6099
1628 5418
1691 6126
244 6875
3348 5634
924 7842
4055 8442
2997 7975
2249 6703
2438 6516
2459 8706
1292 7319
546 6699
725 9852
3916 6679
3211 5931
1330 5919
3267 5894
1340 6498
3736 6701
2369 9653
4822 9130
862 7083
4433 9894
2102 9270
1688 6504
2022 8634
3204 9108
4486 8893
3996 7142
2351 9340
4947 5422
2279 8342
3984 7095
3324 8241
3728 5476
2690 5732
3791 8353
4275 8063
2144 9027
3684 5923
2921 9647
3664 9255
1314 8428
3166 5286
106 9206
1203 5065
2108 8113
3992 5523
517 6936
3121 8789
3987 5495
1261 8327
2416 9177
4400 9467
2115 9507
1931 9253
1966 5079
2754 8515
4750 6933
2486 9896
3661 5081
141 6315
4290 7092
836 8384
2249 6844
207 6865
2277 6508
2827 9922
172 7962
4715 6934
4178 6695
3771 5070
589 7954
1533 6380
3820 6445
4244 5468
562 5545
211 9039
678 5672
2237 7831
4776 5162
648 7796
3077 8273
1923 7036
3767 7622
2759 5373
2888 6358
1836 8960
195 7525
4599 8175
2674 9516
4626 8334
4562 6435
379 6721
1879 8735
1511 6787
1827 8812
2736 8873
3098 7463
74 9384
3585 9064
3958 9107
3984 6406
1902 5972
4890 6467
413 6776
976 5048
1932 7082
663 5428
1354 7910
1018 9849
3254 7889
2838 6351
4819 8721
1820 9353
1798 7047
999 7685
828 7761
2505 9934
174 8692
1537 8586
4415 7244
754 5714
3495 7480
1511 6691
4711 5763
3862 5931
2455 8604
4701 8785
3976 7292
3365 6490
645 7108
3730 8586
4514 6823
2462 8559
1501 7251
2733 8889
2803 7026
296 6270
2829 6353
1571 5892
2821 9841
4186 8238
4162 8176
4316 9935
2922 6711
3122 5716
1817 8360
824 5704
1841 5213
336 7674
2369 7450
3242 6389
3501 7113
2674 5427
1678 9880
4913 8968
2998 8734
3765 9305
2491 6198
2073 9575
406 5863
72 5476
3432 9229
139 6457
4237 9433
847 6007
1100 6065
3456 8656
2533 6509
2287 9524
1202 9760
3189 6563
3002 9587
1262 5568
4748 7500
2116 5449
804 6265
4805 8917
1991 5586
2056 6166
3914 6569
941 9536
3180 5424
3089 9248
628 8553
2465 9458
4054 9556
4974 8721
1846 5826
1946 6471
2691 6313
315 9957
3563 5581
2820 8508
2444 7817
3687 6916
3093 9065
272 7895
505 7497
3058 5678
4129 9622
4111 5742
3714 9534
717 7629
3251 6591
3012 9718
4681 7954
4436 7054
2122 8393
1930 7140
2005 8947
1159 9358
3805 6771
2436 6824
2221 5460
3285 9122
3370 9014
300 7577
3742 8017
1571 7197
2685 5217
2494 8521
1069 6634
3919 6295
2742 6314
4719 9214
4903 5344
4029 9107
3136 9319
4298 8903
3159 9928
4214 7604
395 5211
2454 5875
1817 8543
4572 6153
3137 7911
1856 8309
1072 7668
4669 5856
910 5149
1885 9590
3250 8765
651 9841
1305 5668
1054 9389
3758 7924
2840 8587
419 6168
3313 5669
4304 6247
4416 5050
594 8503
4674 7965
2005 6675
4383 9118
4803 7254
3663 7684
4405 6193
3413 6686
804 8599
4996 6144
4331 9936
4505 8671
1364 8326
2333 9923
2724 9852
334 6787
4235 9573
3345 5191
145 6884
3916 5072
3917 5850
4563 9277
4265 8391
1856 5692
2007 7666
1341 7494
934 8722
2418 7328
2003 6884
2785 9436
4167 9067
2214 8643
1571 9998
892 6377
1271 6695
748 7111
3755 9556
1986 8460
634 8583
3289 6146
2053 7073
2712 5437
3230 8342
4901 8425
15 6316
3265 9367
3549 7968
255 7239
4418 8761
2961 5423
4115 8023
1377 8162
1688 5197
2659 6836
760 5266
2357 8006
2958 7154
2152 5197
151 9331
4533 7297
4124 9945
4756 8627
1479 5754
2916 6482
1918 9955
1711 6819
3385 6091
4009 7431
3019 9031
4250 6162
1208 8681
2657 9789
1745 7025
2549 6820
4124 8061
3715 7443
2182 9884
1022 9552
494 5512
537 5789
747 9131
357 8092
2679 7482
2717 9508
4605 5817
507 5411
1803 8161
4029 9306
4638 8632
1110 6962
981 9798
4869 9848
256 5434
3222 5208
3118 9090
4578 7790
2404 6149
1856 7544
4658 9906
1211 7148
107 5546
1357 7995
4300 8706
1605 9757
1396 9094
1601 6043
2096 5373
1224 9691
1359 9185
183 8637
263 5237
4011 6110
67 5219
3625 7507
2479 5369
4940 7975
839 8703
1173 6455
3454 7220
2665 9109
1351 8676
4147 5255
4037 6156
1882 8056
3768 6401
319 6990
4024 5763
4812 7417
3642 7492
1461 7823
964 6354
1327 6912
1882 8554
3667 9805
3537 8849
4019 6424
4275 8941
1023 5730
504 6496
1742 7776
4863 8157
368 7450
670 7300
897 5409
1745 8803
2193 6158
927 6121
481 8478
519 9827
2829 7058
736 9596
3615 6507
2981 6972
1330 9617
743 7784
3305 8559
2982 9528
3496 7085
1798 5999
87 5802
2701 6014
2872 5076
290 5278
4049 8064
3006 9230
2683 7763
3463 8314
617 6526
3632 7906
1154 7222
574 6295
2162 5020
3278 8852
3989 9842
2955 7422
4252 8837
1753 8356
1777 5056
3571 7471
4540 8449
1850 5188
2656 5705
3597 7277
2123 7218
1410 7962
1845 8140
3242 8148
4958 7701
3217 5817
903 8748
819 5010
75 6618
2139 6161
4382 8103
3299 5044
3568 8292
979 7561
3777 5425
3096 8379
4731 9403
2970 7192
823 9756
379 9083
4747 8354
2365 5597
576 7149
3728 7298
2257 5036
1144 9939
2226 7831
3010 8639
58 5906
1355 5850
2522 7275
1932 8751
3885 9484
2558 5307
2495 7765
3217 8115
3817 7352
2128 7102
402 8317
309 9548
881 7286
228 9705
1460 5019
3763 7892
45 5607
2416 5663
4921 9488
2785 8140
2257 9563
4153 9243
853 8720
682 6641
1150 9719
274 9710
1966 5457
4764 6056
3794 5970
1100 5068
1561 8425
2124 9094
4896 5177
4007 9713
100 5035
126 6901
1583 7191
347 8556
1765 5309
4802 6554
3382 5346
3580 9457
3792 6970
2657 9472
4845 6132
785 5839
2871 7530
4004 9033
103 6132
4350 7417
3190 8121
2642 8966
1503 5639
3461 6902
2760 9425
3061 8406
1373 5462
165 7415
2143 5317
2570 7584
2732 9675
3561 6742
1289 8947
4643 7590
1993 7626
3341 5446
4527 6853
2304 6258
630 8768
1798 9705
2059 8147
934 5789
493 9087
422 6408
4791 5222
4689 7890
4567 8080
107 5335
3805 8377
3995 6851
2506 8980
2546 6975
4547 8742
4824 8561
3728 6151
448 5585
215 8078
3757 5403
3708 6736
3660 7625
2368 8507
1941 8165
4254 7394
4294 6459
3379 7021
2436 8052
3255 6381
4672 7363
4209 9395
1330 5765
4791 9316
4234 8941
1146 6210
3697 8037
645 8192
387 9067
994 7280
4453 5675
18 6273
1978 8728
1022 5164
3637 9964
3971 5243
3023 7965
1567 9672
4612 7008
2623 5850
1900 5721
2854 8865
926 6800
2058 9946
2331 5887
1104 5516
316 7826
2757 9414
1076 7733
4274 6231
2447 5146
4725 7058
1110 6216
4333 7137
2694 6576
2609 5842
2146 9312
2815 9032
944 8069
4365 9721
471 6642
2296 5593
2307 5780
2772 7082
2669 7550
3344 6980
4340 5115
295 9210
2878 6862
4812 7073
2333 5361
1802 8657
4211 6277
2794 5261
1342 6655
1248 9310
1752 7496
1448 8269
2786 8758
4216 8364
2714 6879
506 5559
3762 7482
2076 7744
1507 6115
464 5034
1435 9941
108 5292
2886 8796
253 6846
4828 9550
4666 8473
4374 7300
4447 9370
3043 9846
4594 7647
746 7544
2522 8983
1113 8377
347 7773
4612 6967
943 8599
3571 8537
3373 5008
530 5202
4192 5324
3654 5085
607 8812
999 7487
1302 9630
2265 6741
4574 7383
4919 9305
1653 8207
546 7093
2818 8325
751 5182
591 7549
2464 5718
4295 8746
2915 6426
4427 5285
1264 7541
4170 9347
1710 5362
3546 9999
4910 9035
4986 6258
4756 8274
2214 5841
2957 8111
1263 8804
2916 9814
2990 9941
4454 9535
4748 9669
4829 7262
2414 7933
1843 9181
2150 9511
4391 7297
1318 9897
2376 7799
856 6637
2939 8581
186 7387
4312 8988
4530 9957
1680 8133
3325 6638
939 8995
3669 6208
3893 6287
4334 5430
4500 8709
3548 7553
3511 5935
3708 9914
2325 9977
609 7952
3980 7984
2742 8456
2703 9172
4728 6404
1341 7026
2626 8577
3659 7731
369 9648
4304 9387
3933 9691
1431 7700
2998 6650
4941 5372
2778 6281
1806 7887
630 6622
4316 7961
4043 6723
745 9684
3695 7532
1300 6757
2033 6522
4357 7368
1194 5190
3861 7191
735 7259
2280 8870
1786 10000
4336 5922
2671 7281
2178 7696
2342 5424
3848 8407
783 8487
3142 9432
1263 9391
2190 6171
3895 9523
2028 5603
4091 6810
1870 8645
2642 9076
3445 6641
3819 5670
3848 8193
3827 5747
2490 7921
4432 6517
3071 7439
4331 5803
3364 5924
4920 9755
1002 5514
1135 7437
4402 6042
4579 9022
4998 5787
755 5485
2381 7754
2378 5577
4269 7024
990 6020
1167 6680
2588 7528
3673 7166
4655 7610
3001 6136
83 8583
3889 6619
1107 7785
3871 9254
818 6311
932 5513
4654 7511
2519 6655
4656 8423
956 8469
4209 8336
3823 6315
4038 6108
2772 8270
4024 9702
3774 6907
2524 5707
501 5326
1390 8068
3105 9659
636 7298
4646 8969
1114 9600
4115 5705
4959 6746
1723 6653
1425 7111
1493 5724
4096 7409
20 5693
1653 8927
480 8937
1661 7338
829 5530
4971 8706
3558 8863
338 8765
928 7867
928 8983
1609 9079
3745 5667
3677 9833
4895 6916
913 8277
3940 9495
4859 5725
2205 6976
4395 6639
2203 7383
1070 9145
1108 6320
2571 7309
1870 7601
2014 7888
3788 5284
3924 7590
4237 7034
4622 7562
3453 7514
1682 5891
2245 8965
273 8149
4725 7369
2115 5833
657 8013
1359 6551
1438 5295
1567 5424
2361 6787
1588 8514
1523 6424
3329 8677
635 8028
3867 5358
2397 8769
679 6780
836 8803
1186 7781
4321 8398
3604 8057
258 6407
2362 5005
3027 7115
4991 9136
1504 5901
652 7187
3877 8171
514 9014
2913 7147
2752 6214
1771 8348
967 8234
1655 7542
924 6455
501 5017
245 7657
3710 9128
613 8499
4790 6602
4916 5886
4790 5187
3283 6927
4457 9884
2045 6827
3527 5118
4563 6983
2377 9373
4177 8824
3952 8973
2894 5644
836 5618
850 6467
3972 8219
4492 5631
3503 7045
531 7338
1681 9040
2571 6308
1021 9456
2941 9338
4999 8224
834 8461
1967 7787
2682 5362
1512 9519
2365 6730
406 6171
2982 6692
3558 5117
3369 9931
3871 6023
4166 6801
1172 9535
144 8299
4745 9965
4515 8062
1663 6447
3552 5374
4227 6908
4431 5855
4039 8370
4786 7190
1201 9852
1793 8000
4256 9542
825 6908
2998 7350
2352 9011
3145 7899
807 8060
3118 6685
3143 8476
3524 5653
4181 8666
2657 7186
4279 8523
1482 5342
1901 6980
572 6211
3851 8799
896 6165
103 7604
2095 8948
378 8328
4199 9412
716 8588
1638 7903
1404 7988
3840 5023
397 9980
577 6527
1520 8660
2052 7290
1304 5294
60 9801
106 8800
4692 6226
3080 9176
2026 6398
3273 9844
3081 5433
4618 7420
350 5710
1970 9749
3989 9238
647 6292
338 6857
708 9259
196 5070
3991 5724
192 8843
4975 5768
4868 6761
168 7338
2910 8679
3748 9031
3891 8462
3845 7000
2524 9029
487 8743
1193 6604
2167 8900
2393 6519
2160 9825
3068 7450
461 6761
1572 6146
459 9868
4212 8992
1260 7302
4519 6713
62 8634
4016 5668
3679 8260
4745 8227
1165 7350
4546 6052
106 8458
2354 9920
2561 7443
641 7009
1240 7504
356 9346
4526 6839
2905 8163
3410 8253
12 5057
4547 5565
3965 9114
3856 8642
961 9535
3908 5476
4836 6513
3741 6054
921 7163
871 9209
2051 6802
4350 5077
1278 8068
1126 5827
4224 8583
1352 8222
406 5066
4932 7287
1773 7770
3036 8601
467 7758
3748 8743
845 8389
103 7191
1022 5824
4354 5457
3510 6549
4863 7317
3779 5559
4610 9976
2899 6301
3722 5146
4532 9347
29 9568
3458 6070
1768 7809
4827 9518
349 9848
4525 9735
1128 7403
2183 7142
1440 5885
4457 8919
323 6040
1613 8724
4804 7410
641 9381
3760 5717
3471 6295
814 7954
1448 6741
4743 7314
2844 7274
276 7127
49 5723
375 7703
1124 7248
3484 7610
4883 6344
4981 7292
2775 7539
616 5848
2945 6272
3101 9884
1666 8477
1877 5015
4416 5261
1414 8696
1404 9176
4653 5122
2453 5498
3418 9051
506 6678
2101 8850
3691 7553
3843 6785
1658 6143
1971 8317
4027 9262
4738 7626
2895 7625
831 7983
3264 6548
2952 8127
4783 5348
1800 6983
3460 6995
1952 8005
4997 7801
3838 6003
4741 6880
688 7603
954 9259
1877 6266
3929 7016
2011 6813
3600 7839
1304 9302
1280 5586
195 7522
1644 5760
4336 6479
926 5707
1664 9500
3811 5992
4291 8072
4490 8461
3546 7410
2881 9604
433 6981
1226 8278
3556 5901
4728 7866
170 6294
4410 7327
3515 5828
2939 5041
4993 9039
1570 8567
4144 7098
1361 8750
2387 9377
1419 6572
4341 5717
4535 7823
3549 5136
4672 7224
4673 9211
1584 7902
780 5652
618 9092
4243 9375
1670 6127
87 9481
4535 8507
4568 5668
1540 8949
830 5914
4348 9399
2143 5930
887 6334
4955 6629
4945 8684
3427 5323
3294 9873
1788 8962
8 7856
4493 8591
4584 9244
2342 7260
688 6786
538 5478
206 7292
1372 6670
307 9404
523 8670
3570 7066
4794 8850
78 5894
2552 5594
4539 9492
1744 5966
4337 7651
2558 9406
4291 7798
905 9495
407 6384
2459 5945
2273 7684
1010 6757
3598 8193
2589 8817
3151 9130
3769 5005
1492 6452
4831 5100
2762 7379
2722 7961
1240 6110
802 9640
3344 9893
883 6360
4814 8066
1863 9526
1355 9776
2681 9275
1872 9768
830 9381
3578 7328
2856 8878
4276 9307
539 8178
4876 7153
2172 9099
183 9455
730 7490
3489 7752
64 7371
3972 8358
2487 9630
4760 6967
3401 6360
1655 6648
2151 9016
1015 6664
3609 7019
4145 5540
4120 6275
407 6376
2882 5837
1616 7875
105 8010
1229 9374
1159 6546
2990 7826
4496 9727
4586 5814
3348 7205
2488 5188
1706 7873
2926 9975
2804 6950
4898 5995
702 6984
983 5823
1293 7796
253 8799
1529 8613
4163 8260
3228 8999
918 6028
3489 8913
2175 9315
409 8400
2852 8048
240 5633
1135 6446
183 9728
1151 7111
477 6519
1708 6723
3160 5826
430 6651
3583 6076
1217 9120
2945 8977
3613 6417
815 9239
3471 6898
3110 8950
2496 5863
4268 8742
3725 8119
1752 9596
1476 5586
956 6133
2247 5166
3047 7450
4066 5997
1694 5785
2768 5114
4533 6223
251 9548
4546 9537
43 9045
1909 5058
3367 8437
1495 8887
1647 9010
3512 6051
4289 6880
3385 6283
4843 9467
3161 6603
3011 9832
3034 7312
2899 6878
3523 5116
180 6452
2990 6944
2803 5455
648 9459
3841 9771
4843 5913
803 9619
4728 9117
2491 9015
2579 5929
4808 5277
935 5762
1438 6218
1406 6006
251 9088
1661 9709
2522 7240
4395 8594
2820 5631
225 6293
1495 9962
3115 8934
1557 6782
2003 8081
4946 6628
3166 5908
1523 6413
4818 8252
440 6875
4769 5338
4658 6953
2776 9620
2057 7715
506 8340
2962 6262
3145 6235
3111 7122
2835 6072
559 8105
4851 6529
1174 7067
4294 7201
493 9453
3086 7774
1351 5857
3127 9035
1108 5664
2647 7178
4843 6352
4575 6883
3039 8623
851 7908
996 9296
4143 6392
2665 7187
272 9914
1713 5915
4301 6602
395 5352
49 5017
2726 9256
797 7986
636 7829
3134 8572
1610 8892
638 6652
1398 7718
720 7387
2913 6860
3811 5144
2328 5805
4202 7909
3931 6653
1058 9449
1844 7358
212 6030
1519 6041
4422 7621
1173 8456
4792 5020
1212 5237
999 8317
1094 6444
1812 8705
2471 7585
2056 8995
438 8795
43 9657
3343 8305
4400 6371
3348 5182
765 9246
4312 9173
4520 9651
1715 7139
4536 7982
397 8151
1104 8798
1353 6467
2493 5381
1391 6538
1842 9137
4525 9035
4566 5907
1367 8160
2750 5949
4696 5276
3808 5015
115 9890
1638 5865
3397 7216
1434 6262
2359 5736
4032 7041
858 9862
1084 8832
3776 5185
2434 5824
2670 5582
4426 7241
2846 6384
1127 6429
4340 8880
4799 7076
340 7810
1228 5366
1596 5477
3941 9054
4288 8532
108 6197
2404 9575
867 8170
1455 8393
4862 9915
3149 9463
4268 9413
2305 5755
4477 5350
4467 8508
1671 6316
4910 9059
3384 5777
1448 5862
3726 7147
2165 5910
1985 5204
4304 9621
1827 5821
2015 5542
3776 8664
1027 5685
4944 6101
4533 9414
3297 7791
2037 7447
4242 9307
2568 9222
2682 7726
3924 8410
3936 7424
1410 9195
285 8495
2738 6289
3702 9188
1081 5776
4547 8087
4762 9030
795 6219
2879 7916
2807 6385
806 9409
2905 9725
3864 8197
846 5614
1709 7719
468 9615
885 8982
847 5468
85 6654
980 8230
795 9489
4561 5811
982 6709
4389 9810
1424 6261
1258 5881
4037 7989
3853 5786
760 7053
1392 7103
4547 7861
1605 7259
2355 5577
3378 9374
4301 8995
4319 7334
952 9386
4174 7076
3515 9629
1833 5712
123 6073
2688 6031
2817 9356
2217 6534
4576 8676
4331 6678
727 6019
4969 7178
4759 7903
477 6068
4321 7323
4423 7041
1580 6788
576 8189
4125 5040
1909 5287
417 8332
1541 7366
4448 7697
1174 9089
246 6614
1640 8254
3945 9664
2147 6258
3306 7971
1537 9862
318 6912
4642 9592
931 9256
3513 6626
3290 5656
2356 7714
1354 6115
3051 9938
1424 7342
4155 6677
1051 6463
1391 6150
3967 7120
1300 8129
234 6902
2427 9972
217 7714
4051 9936
4510 7159
283 8912
2430 8190
4309 8738
2893 9975
1233 7252
2059 7486
536 9921
3874 6924
4319 7643
4426 9651
2447 6839
4544 6061
3184 5859
2688 7519
3557 9464
1838 7293
3414 7781
3850 6739
2010 8199
3546 7396
1005 6081
4205 6717
2058 7726
3862 7312
4163 5254
1437 6643
2268 9338
4334 5559
1853 5427
4605 7402
1264 7344
2663 8681
3955 5333
161 7524
3223 7555
4656 5849
954 9488
1283 7068
3393 5415
951 5254
1328 6511
1344 6429
4098 7545
3696 9694
461 9047
450 5990
336 6131
2312 7438
4911 6334
3737 9250
3273 6600
439 9328
1453 6811
4122 8725
841 8048
4845 7793
705 6598
4112 7639
281 5402
2591 7231
2221 8817
807 6843
115 8146
4254 9862
1473 6211
4180 8678
446 7401
4696 6804
4286 8036
290 9010
1008 9939
4006 5405
1446 6901
3004 6832
1371 6427
1420 7436
917 7128
3455 5911
684 8024
3301 6013
609 9836
3677 8356
3872 8153
3650 9608
4281 5570
2824 7334
4644 8907
1055 7710
619 5570
3877 9871
3386 9954
232 5407
4221 9666
1521 9132
4870 7511
3027 7782
2821 6156
3606 9895
106 7765
445 9862
24 8303
4212 9202
2866 6515
1627 9032
4492 9841
640 9984
3134 5502
4485 6258
4451 8830
2594 8007
753 5790
1077 8583
990 8044
1132 8525
2376 6485
3649 5165
2744 9472
2237 7938
276 5317
1288 6138
485 7874
518 8748
2593 8315
3979 5370
3129 6721
4388 5356
515 6664
2188 9051
4739 5272
1840 9919
3490 9707
3654 7747
907 9312
1273 7357
3951 8443
1696 6305
2768 5985
2733 9345
1901 8511
3833 7713
1139 5121
4886 5773
575 8214
2621 9530
2494 9268
4564 9203
1278 9143
1275 7459
2972 9117
2395 7761
954 7741
59 9323
1991 5957
264 8458
4494 5230
4668 9124
1985 6316
2593 7531
2029 8487
247 6728
865 6027
3233 6611
4820 6537
2972 5078
2972 5950
4738 8232
2517 9693
140 5203
2831 7609
3809 5593
3984 7446
549 5113
2538 5625
3809 9724
3848 6706
4792 5762
1494 5705
2570 7003
4488 6936
2660 9298
2551 7334
1452 8246
2597 8925
4432 7546
3025 6259
1523 6724
4782 8111
2145 7898
2607 8231
1936 9506
3930 5133
1002 9818
3334 9817
1295 8494
3563 8342
2739 9460
3793 5039
4429 5672
4338 7526
842 6639
1642 8793
1772 5926
4135 9925
772 5930
1508 7120
527 5670
2659 7258
2679 6012
1944 5058
4103 6665
4713 8507
4420 6584
2448 9404
1235 8328
526 6301
4452 5880
3408 5432
3079 7064
2349 9958
1586 6620
1328 9837
437 5881
1474 9701
943 6789
590 7015
2617 8214
2939 8018
358 5281
2267 9377
2415 7909
1701 9425
2129 6178
4656 7427
4018 5710
2139 5364
3844 9588
2954 9487
3444 6863
1831 5285
553 5195
721 8648
3159 9707
3129 5849
4324 8433
3004 7887
2682 9371
533 5074
4337 9543
48 6892
1907 6904
4897 6925
890 9303
4862 8645
4649 7914
2045 8407
38 8788
3467 7698
4004 9762
1253 9939
431 7751
2093 9057
2285 8808
799 9707
4025 7437
4719 9456
2810 6828
2741 5036
1259 7818
3598 7313
3817 7314
1772 9271
746 5563
319 5676
2996 9369
286 8315
4322 7521
4656 8875
3620 5870
849 9653
2041 7585
1196 7846
1782 8347
591 9141
3316 5487
4971 7459
4172 9633
1350 6497
417 7066
3394 5437
1340 5686
3246 6872
3330 9654
2247 6278
112 6369
2640 7429
119 7626
2567 6878
119 5618
360 5621
1427 8188
3378 6280
3167 8139
3009 5594
185 6342
1123 5943
1128 7931
3394 8310
2363 6384
1814 9449
2057 6171
2263 7464
2599 7548
4522 8860
4667 6398
1690 9347
3512 8047
3730 9658
1319 6110
1455 7939
3323 8931
4121 7306
3326 7444
696 8003
2088 5412
1529 7875
4829 7332
3182 5064
3755 7050
1386 9387
1302 9136
1288 5587
2678 8773
666 6659
564 5015
3374 8071
3719 6673
4491 5039
4043 6752
4698 7320
4575 6663
2173 6869
2651 5333
99 7403
2035 6919
3734 6896
3279 9242
894 9243
2771 7825
2410 7450
1233 8215
2994 6212
1274 5390
1553 7017
83 8229
4374 7602
4016 9526
1252 9624
1033 5211
3000 5302
1871 7977
1413 7327
3572 7801
3701 8409
394 6581
3275 5947
81 5548
584 5357
2233 9691
2984 6241
3771 6611
2480 7601
4199 6368
4675 6863
1604 9520
2577 5456
735 6347
2837 5665
792 7773
2232 6208
4346 9552
2325 8112
2866 5360
3807 8900
2903 6391
2297 8183
770 8293
3446 6162
4701 9017
394 7071
1178 9824
1859 9563
1254 6851
3626 5855
1822 9485
3037 7908
1107 5145
2827 8635
1608 6507
4181 9493
4397 9407
2515 8957
327 9287
2225 7116
1614 6009
489 7343
4161 5696
530 9909
3151 6365
2851 6637
1589 9025
2417 7859
2154 5096
1358 9065
2715 7182
2236 8830
1920 8469
4765 7825
774 6146
571 7141
3001 7363
4938 6641
2408 9078
4908 6179
1453 7846
388 7285
4569 5723
548 9651
2018 9345
1881 7260
1982 8766
608 7991
2561 8920
3347 8481
4993 9521
1059 7301
68 9258
2877 6346
2024 9105
985 8192
4796 5433
2755 9165
2297 9832
847 5435
2748 8887
2665 5780
4350 9203
3941 9800
3368 8298
4117 9146
511 9570
2917 9218
2982 6573
3680 6350
2438 6409
1428 7168
486 6895
4484 9124
1016 7892
3676 7934
1855 8207
3249 9215
2410 5958
4322 5807
2177 7236
671 5847
3870 5447
1757 7307
2402 8697
996 6870
1263 5033
3897 7632
61 5961
920 6408
490 8631
4736 9166
2759 5797
2233 6713
1214 7978
1575 9921
1094 9975
1829 7218
2353 9980
678 8751
1754 9237
486 5657
997 8335
3320 5581
485 8736
1942 7963
4387 7995
2792 8744
409 5267
973 9326
2718 8853
2140 5804
4283 6567
1988 7587
3727 8981
1032 6085
2583 5385
2643 6994
2662 7094
1464 7935
3166 8575
557 5254
4500 6977
4530 9704
1798 9477
3260 6157
2350 8872
1583 6920
4728 9465
4713 5774
3280 5357
870 6878
3282 6316
1016 7074
3810 9568
3042 7470
368 5638
2201 9884
1166 8835
893 6843
3637 8850
3488 9372
453 5506
1653 9673
1205 7465
2920 8245
3694 5393
4830 9672
3432 8496
1497 5565
1494 7794
4373 8197
657 6419
436 6579
4746 7528
2576 8735
2435 9599
3818 5530
2412 9341
3791 7896
1723 8559
1807 8844
3764 6560
4505 7363
4846 5052
698 7388
2094 8599
3462 5068
3937 7381
1868 9264
2257 5343
4931 9549
2360 9739
2887 9175
2420 7200
567 6854
1754 8910
985 9553
1483 5868
3110 7269
2537 6108
3191 5300
379 9144
2940 9309
3050 6212
3242 5363
1190 9496
3886 7082
2377 5185
2350 5630
46 6067
4561 5524
1423 9379
2081 9418
842 8906
2114 5074
4321 8343
3960 8201
2193 9544
243 8426
1655 8819
3832 7854
4755 5300
3101 9942
4271 9637
4610 7891
2745 6492
588 8027
3202 5455
2920 5901
1641 6977
1967 5747
4119 9084
2616 5459
1048 5235
1463 8949
3476 9812
3796 5313
2729 9316
1729 5155
393 5592
46 8819
787 9323
7 7218
1923 7930
372 9431
4028 6149
1025 6842
4309 6312
3193 5150
203 8749
3742 8875
1211 9797
1928 9105
4792 5607
1423 9331
4075 7451
2357 8076
4148 6213
1502 8975
2409 8057
1115 8152
1811 8242
266 5515
22 8825
3100 6779
1574 7819
3559 5538
3957 7668
2929 7534
267 8206
3418 5839
4571 9201
4852 8979
3334 5801
1 6710
126 5361
2814 6196
2830 7526
4529 6044
1324 7367
523 5190
4009 9449
971 5518
1239 5220
2911 7911
3607 6307
1095 6253
2714 9932
1411 5320
773 6257
1668 8662
2930 5436
4012 5468
3612 5383
2312 5046
3145 5762
817 6996
1364 7353
302 8207
1832 9633
1974 7992
1079 8994
4416 9459
800 5102
1021 9877
3090 7767
2601 8305
3689 5875
4284 8770
2874 8987
2201 9956
3673 7026
3030 5122
372 7798
3834 8508
374 8222
3646 5850
2083 8006
3328 6658
4459 8690
1141 6062
2504 6306
4007 5778
618 7183
4705 8402
3534 8935
4681 8022
2071 6801
504 8439
2540 6339
373 7528
3330 6938
1216 8574
4846 6792
3006 8484
3934 9018
2068 5048
512 6186
3912 9818
4744 5875
4429 9378
2052 8709
1845 9658
4840 5142
2967 5512
1439 9961
2531 7166
4526 6182
2365 8258
2645 8555
1627 5027
1983 6097
2423 7155
2592 9397
12 7563
994 6689
2882 7004
620 8514
3867 5023
411 9486
2440 6617
2345 8272
695 5210
1047 9831
858 8532
3178 5772
1454 9404
949 7602
2130 9305
4450 5598
1424 8267
4853 7828
1079 9436
1524 5617
1186 7187
2958 7884
501 6156
3086 9825
4889 8595
3941 5622
4836 6127
1698 6734
1893 5345
1446 8126
3028 5658
4242 8804
1305 7117
817 8974
2286 7158
1603 9103
1019 8778
3944 6921
3865 9913
3659 6999
1513 8080
912 9707
2138 7883
899 8353
2109 6927
4546 8885
2966 5399
3155 9884
1016 7255
2543 6202
4429 8122
1941 6501
1480 7534
4057 6952
90 5404
3793 7396
540 7891
3178 6547
559 7201
2080 9517
839 8337
4474 8425
4915 6005
4685 7368
2746 5268
1192 6440
3455 7824
1755 7281
4497 5321
99 8063
4055 5194
2040 6919
4905 6693
1180 6933
1944 7524
2491 8545
4812 8828
2633 7592
3276 7456
2822 7683
319 5318
4828 8787
2892 9656
1643 9225
4316 6646
3171 5834
1067 7774
1749 6770
4882 8230
4618 5976
3339 9026
4214 9640
1345 6164
4598 8755
2226 7093
4428 8429
693 8754
3570 7625
1424 6724
3750 6676
594 6406
3354 7560
2251 9745
515 8506
1818 5191
4129 8005
1152 8440
2462 5016
2972 7193
3238 9415
4047 5378
1578 9537
3134 5847
39 7025
2973 7549
4281 9208
2641 7378
3591 8741
332 8190
1341 5352
3239 6718
1504 7282
1219 9641
11 8812
1100 5845
2935 9104
3005 5036
3723 5876
4691 9836
652 6843
173 5482
2093 8804
2153 7963
1751 8476
4892 5875
1436 9226
4662 9240
3854 8547
2564 8274
1623 8271
2364 9247
1071 7672
3547 6142
1914 7489
3532 6477
785 7022
1160 7005
4983 6835
2451 5454
3364 6315
3707 8062
893 8416
3430 5549
1012 5493
3892 8855
4423 8253
2333 7095
1539 5066
1436 9883
1296 9445
1833 7413
4105 7559
1064 9924
4277 5962
4922 5470
2052 5498
2487 6413
4497 9023
3480 7840
1362 5554
1369 9648
3186 5887
4018 9985
1621 5304
3870 7352
1083 6184
967 9703
2074 6352
2190 6555
932 5084
94 8442
3700 5753
673 9515
83 5232
4930 8375
896 9740
967 8806
652 6217
440 8629
1618 6782
2771 7321
4048 5167
4968 6492
961 6614
1747 8972
3203 5205
3020 9138
1320 5425
355 7896
1738 9963
1482 6221
628 5325
1803 9666
4175 5536
2962 6235
874 6852
4303 6859
1252 6488
2588 9284
3116 8993
3545 6535
2790 7154
4487 8206
3408 5500
4974 7670
188 6848
2714 5224
4803 6206
64 9148
4339 6233
2363 5148
476 9410
4286 7252
2871 9917
4058 9892
3790 9555
3757 8162
2608 6596
2138 9462
4893 6005
4929 8651
1419 7949
2030 8276
537 7682
2273 5458
2372 7012
3845 6148
3050 5194
3116 5348
861 8818
4646 5018
6 8518
4885 5690
460 6785
457 9874
2513 9605
3421 6237
535 9634
3571 6188
2996 5501
4334 9590
2872 9332
3756 8240
2559 7525
1099 6880
3488 6816
4793 7535
631 7528
4635 7316
4687 9771
1383 5349
765 6560
3653 7960
4950 7134
2250 7900
3540 9211
2753 6877
1428 6507
543 5839
1978 6302
4352 7114
865 6185
1648 7979
3085 7219
597 5506
2369 6394
4565 6950
1909 9267
4473 6824
1893 7168
1867 9364
1547 6239
1608 6031
3654 7819
915 6057
4173 7583
2255 7352
1986 8767
1052 5781
541 6001
4618 5832
1706 8116
3575 8361
4704 5416
1813 9074
4116 8823
457 8533
2549 5465
1188 5853
495 7491
1174 5058
4563 6115
2345 7015
4207 5210
721 9953
1449 9134
3384 5236
1902 8471
3933 7501
660 9470
3001 5908
4860 7009
1557 5957
100 9302
1229 5130
414 5746
1672 5615
1243 5326
937 9664
4942 7122
1913 8266
1459 5836
2734 7998
302 6947
3049 7253
2184 9292
1831 5528
4954 7006
290 8383
185 7973
3272 5796
1276 8754
2541 7220
3153 6449
3319 6154
26 7913
2521 9857
4275 6282
4529 9392
1599 5201
935 7682
2669 9209
4804 5650
3122 6729
2307 5570
132 5163
4471 7783
271 8532
1988 9532
3788 5261
1369 5192
1158 6034
865 9946
703 5041
3552 8830
2260 9575
3110 8730
3822 9758
2860 9272
201 6724
1786 5422
797 6732
3102 8855
496 9189
2541 7015
235 7945
4505 5150
3232 8171
460 7453
1278 6495
1215 9972
843 7101
261 7249
3488 5494
822 5196
2040 8287
3518 6267
58 9784
1566 8967
1242 9142
4364 7294
86 9284
1543 5261
1173 7943
1730 5236
1764 9227
713 7272
193 7508
4312 7673
1403 9170
96 5846
4460 5302
2565 6475
44 9560
1591 6951
890 9918
2827 5540
1785 8248
2831 9620
4870 9644
4696 7111
4764 9243
4537 9879
419 9205
3601 7282
2795 6081
1607 9112
3125 6031
1184 9374
4936 9655
4840 8423
4603 6810
562 7271
1794 5005
3603 5345
2731 7193
239 8941
2816 5032
1939 9016
350 6413
3283 5537
3280 7398
3453 6197
202 7720
3080 8865
2037 5663
1052 7344
1657 6517
1385 8641
2450 5337
838 9977
144 6932
2338 7213
375 6318
1702 8542
3367 8088
3651 7745
3141 9131
3002 7975
2399 6966
2847 9125
1955 6247
4159 9424
825 5835
4655 9699
2628 5392
2185 9370
2478 9070
3808 8643
1873 9134
2694 9443
2418 6348
815 8140
3890 8356
1475 7065
390 5520
1071 6140
497 7540
3934 8328
4123 5714
576 7131
1547 8780
3235 5093
2746 9694
4420 6608
2212 7626
1575 6041
521 7940
4698 9609
3139 5523
3089 5382
2295 9559
3070 6523
4865 5079
4015 5549
3129 5343
142 7722
2319 9249
4934 5884
4121 5794
1181 7789
2691 7947
489 9299
462 8247
4727 6204
2251 5759
1382 7573
437 6704
3552 8605
2234 6658
4643 6835
3340 9338
166 5717
1527 6453
2030 9180
1656 6871
3104 6334
2479 6991
3597 6916
4284 5263
1772 9517
3329 9996
1826 9317
594 9247
1825 9485
4248 8171
1922 6979
589 8691
4465 9652
3491 9780
847 6218
3674 5303
2668 7385
4216 8957
1146 8962
3818 8465
4452 8132
1783 8304
903 8169
4486 7166
262 5510
3830 5488
4788 5904
542 9792
4737 6099
189 5498
646 9131
2946 6716
4085 5303
1442 8911
3922 7803
831 8194
171 6130
1508 7036
4579 9145
811 7103
1885 7189
4302 5225
313 5597
2795 6055
23 6324
898 9362
4253 7674
1353 9260
4202 5050
4593 9989
3359 6084
1059 7677
4565 8819
4444 9815
2759 7095
4151 6620
3917 7092
2118 9641
4394 9704
558 6671
1361 7797
4073 8717
2884 9470
1064 9092
732 6341
1671 8956
2249 9860
4811 5918
2841 8082
4268 9777
4324 8697
679 9028
2359 9575
834 6600
3720 8800
1635 8192
539 7228
4219 7032
3686 5387
1428 5786
310 9654
4476 8034
3088 5564
603 7012
4536 6148
4571 9319
3409 9628
225 5067
431 9293
162 9398
1969 5073
1164 6708
292 9443
3673 6675
2803 9696
1713 9121
2759 6035
2582 8089
4822 9767
1319 8195
2860 7392
2669 6449
1391 8820
1997 6156
3878 8074
2625 6858
4087 5532
3718 9345
4807 5708
1015 7595
366 9062
864 5198
4398 5023
2251 5049
149 8644
2415 8207
2727 7675
4026 8687
516 5384
1249 8318
3668 7703
2333 8244
2550 6314
3561 7643
4659 8340
4478 9210
4743 7366
3879 8714
2767 8767
705 8777
263 5762
3628 9025
33 8654
3650 5553
2731 5893
2323 5517
4387 7024
251 6948
3971 6142
2478 7109
1686 8957
1516 7426
3793 8141
2859 9249
1510 6513
2017 6646
2325 6989
3954 9745
2224 7807
3641 9227
1643 8260
4023 7388
3505 7407
182 8669
2719 5737
2034 5375
4111 5806
3201 6521
326 8307
254 9818
984 8812
1589 8347
2173 9790
3752 8867
52 8414
3347 8337
3202 8239
4049 6097
3589 6913
3900 5123
324 9105
3290 8991
1301 9722
120 9783
536 7548
2607 9173
2669 8000
2695 5981
2924 5363
3594 8977
4806 5763
690 5519
4033 5488
2781 5419
4049 9942
3228 6852
1431 7981
219 9428
531 7023
4500 7299
2505 7051
268 8834
882 5042
2912 7185
1518 7968
4225 7097
4712 7905
2385 6805
1909 7221
2671 5777
82 7090
2658 5928
3977 8524
1256 8326
2948 9485
3852 6893
1028 9685
1415 6321
2472 9365
42 8826
212 7070
1539 7581
1813 8513
4975 5224
1051 5969
3085 6307
4451 9766
2170 6734
1947 9519
4735 5120
575 5367
3102 8614
2324 8729
1404 8554
2489 9248
4595 5787
3677 7649
71 9426
3301 6664
710 9037
3330 8256
4126 5347
4774 7071
1201 5073
3968 9248
1812 5349
3185 8026
3766 6280
1415 7123
2427 9348
1055 7535
1481 6330
609 9162
1569 9994
4885 9475
4564 6154
483 8986
4801 8537
3543 6340
1478 5447
2072 6161
1693 6072
670 5017
2429 7363
4347 9374
2031 5712
3875 5356
2701 5024
1254 9104
517 5485
2947 9077
875 6348
1648 9568
4949 5578
946 7546
4308 6213
808 5320
3629 8503
1864 6402
3546 6985
1394 6782
287 5815
1227 9448
4808 8617
3645 9008
4157 6244
88 9126
1149 9871
2159 8304
226 9633
4491 7796
4718 6545
1849 8401
1507 6923
4388 8094
2518 5627
4032 7931
4232 7105
403 6342
4882 8673
390 6859
3868 6104
317 9706
4971 5905
2901 5967
3820 5478
3411 6058
1035 9168
2477 9335
4656 7640
2337 9661
2155 8554
2365 6243
1982 6059
421 5477
130 8645
4976 8426
2518 7584
1622 5835
3822 5139
108 9291
4588 9788
2404 9048
3043 7202
4987 5766
4687 6005
1424 7937
3599 7899
1979 5466
2067 9810
1412 7842
3782 8934
355 5145
104 7884
2648 7305
180 9579
3292 6803
4323 9875
1232 6472
3150 8064
2424 5323
1434 6256
2327 6714
3087 7126
4588 6217
589 8185
3331 9700
1652 9040
4012 5125
4158 9025
1292 9636
2803 6705
1096 8158
1108 6488
1629 7570
721 5015
2434 9615
1530 7126
598 7864
4691 9863
1311 8737
345 5490
4426 7634
4400 9029
2669 7299
105 7327
3257 8716
3119 6884
3718 7428
4897 6909
3999 6385
1307 7203
2025 8917
3995 7344
3123 7781
2807 6223
815 8640
641 5184
1009 8855
1113 9923
685 9022
1728 5979
497 8626
55 6424
759 8142
2598 9537
3923 9627
3902 9832
2729 7601
4295 9682
234 6475
3936 6188
1121 6932
2049 6273
2282 5959
1882 7343
4142 6440
81 5315
1627 9417
4408 7518
223 6812
4143 9560
3340 7586
3700 6092
843 5020
3954 6754
3785 6130
4667 5105
2340 8398
151 8804
905 5900
4763 9423
4315 9178
742 6006
262 7312
4212 7364
642 5244
3465 8931
3965 9802
2803 9536
3513 7060
2727 5070
2290 7320
3873 5242
900 8787
554 6935
3832 8702
4870 6345
2426 5944
1369 6885
184 5149
1543 5722
3229 5336
837 9573
513 6155
3583 7913
611 8593
1958 9812
2487 6300
2817 5626
1007 7014
1796 8842
4102 6623
2493 7432
2799 6074
116 6557
4965 5408
3413 6184
2021 6746
2928 7492
3501 6388
639 5594
3258 5364
3350 7503
1198 5522
2097 5594
3720 5941
592 8758
4919 6776
1708 8065
4907 9605
2857 5525
2828 5142
4479 5634
552 9931
3126 7942
2536 9069
1439 7371
3465 8907
2238 6055
2423 5121
1509 5115
2432 6231
103 8677
4016 5289
1438 7252
1656 6696
4070 5689
1410 9199
180 6018
4705 8816
3817 7146
2189 8562
93 7268
3157 8830
4124 5151
3811 9811
2944 5819
760 7283
3667 6890
2413 9622
3484 8499
3414 5963
4328 9432
1087 9532
78 6155
1532 8379
2940 7524
3289 9029
4509 8898
2372 5173
989 8852
3581 8502
4437 6346
4217 9127
512 8355
1697 5426
4488 7542
4456 5317
1261 6174
1732 9293
3396 8461
250 6412
4880 7505
1951 9765
2438 6822
4329 5759
4624 5797
2321 8239
2713 9758
4745 9689
2762 9541
4488 5970
3638 8487
2855 9673
218 9196
1238 7259
79 7197
39 6846
1835 8999
2749 6635
4630 9371
2696 6651
406 7224
2195 7316
2026 6013
4902 8664
2227 8718
3101 8748
439 8411
688 6297
4129 6929
2168 8453
998 8270
3313 7015
667 7160
4696 7966
803 7389
587 5635
3858 6005
2807 6792
1323 9014
717 5517
2425 6402
4987 6897
3803 6963
1065 9412
3820 7586
4587 5069
1793 9985
959 7069
3487 5581
4520 6294
3422 7637
4643 9944
3105 5292
773 6567
4708 7650
1488 8283
537 8025
2463 5847
3547 7423
1952 8106
3539 8336
4672 7104
3162 7158
3040 8087
214 5814
3685 5731
4918 8500
4319 6108
3557 9873
748 8806
4496 9510
239 6824
3917 5755
1110 9378
2422 5710
2764 8163
4374 9717
4113 5636
3525 5094
200 8193
234 8154
3728 7615
75 5654
3322 7583
2542 7438
1528 5726
1762 6121
388 5007
1271 7204
3908 9707
3245 8667
4496 5069
2235 7830
1379 8045
824 9805
3591 9144
4430 6830
4898 5456
556 5773
2380 9732
1799 6528
1654 7738
3953 5235
180 6432
4119 7540
717 9580
4555 6187
1292 7176
4764 8340
2317 5035
2437 8003
2966 7877
44 8269
3153 6219
618 7921
1650 9531
77 6556
2989 9430
2206 5545
946 9907
2011 5880
2705 5347
3921 8175
3533 5718
529 6189
3977 8907
802 8908
664 8412
2120 8216
369 7853
2234 6403
2000 8599
1219 8492
1680 8070
4237 9205
1488 5428
994 6495
596 8036
1568 6710
409 7828
3390 8179
3065 9800
2688 7105
2467 9349
427 8225
4014 7200
511 6315
4224 6952
4298 7541
3590 5262
321 7854
3610 9085
3270 8600
3059 7487
3667 6750
631 8415
2239 9521
2353 6459
4441 7454
1512 8020
2237 6386
40 7199
3935 5239
3310 8643
3819 8004
2837 9917
410 5155
2926 8194
2218 7842
4251 5871
3755 8313
2658 9938
3794 5441
882 6497
3178 7344
3159 8863
674 9690
3301 9560
4355 8472
407 8118
628 6837
2327 5702
2940 8307
4892 5542
1601 8237
1078 9394
1584 9896
2531 5506
992 6359
4195 8530
1661 7552
1605 9337
3709 6115
4693 6683
1534 7502
306 9960
2751 5981
1387 8145
3557 5216
4170 8514
4968 9886
892 9724
1725 5592
3933 9469
4833 9997
4880 9380
4304 7909
2260 5783
1084 6106
4727 8422
4718 7175
2780 8210
1836 5630
1755 7297
1578 6707
2721 7204
2443 5431
1914 9777
1171 7485
1269 8264
881 9401
710 7941
3686 8848
2590 7130
773 7681
3472 5677
3735 6046
4513 6632
2523 6577
3154 8444
674 7970
3479 9073
4921 9067
4042 8020
1254 5998
1037 5346
2955 8197
1357 5242
4725 6226
2925 5949
4029 9982
3978 7048
3175 6700
633 6498
2993 7338
933 6442
1625 7149
927 8038
2194 8440
3950 5939
2211 5536
231 8717
821 8399
1083 8394
1168 9541
4276 6753
1945 5745
4938 6732
4834 6891
418 8577
1303 7050
4835 5241
1471 6260
3409 8272
708 8668
2333 6212
3985 6083
545 6428
1637 8502
4752 8572
2607 8986
3522 6052
1525 6444
4912 8594
3063 9339
3989 6783
4954 5159
618 5760
950 8845
3514 8835
1704 5464
1358 6456
630 9297
2397 7160
1286 5712
2090 6683
2634 7175
2739 8924
742 5722
2357 6701
448 9860
3689 6407
2318 8364
1795 6057
4960 8287
974 7404
2781 9299
2455 5182
396 7062
332 9172
1793 8541
3282 5306
1054 5763
4155 8541
4039 8235
68 9366
4032 8548
4837 6001
3573 8507
604 7454
2474 5500
314 9626
403 9741
2574 8207
3729 5977
1880 6894
4087 5014
685 6481
3378 9772
1105 9848
4212 7374
3034 5434
4614 7031
2389 5396
3201 6787
4086 5398
978 5698
1140 9166
498 9945
4140 7015
362 8221
1416 5286
2561 7891
1968 9190
4700 7631
4557 6916
3656 6986
4198 6515
4795 9503
1511 8366
174 9487
2435 6723
496 5304
3928 5943
3584 9146
1003 9853
4021 5865
4424 5193
2080 8166
958 9396
231 8361
45 6711
2628 5640
723 8351
3084 8851
4790 5901
4583 8320
2087 7994
1855 7474
278 6016
4585 8557
2850 8736
108 7813
2766 5671
2270 5845
2962 7585
4478 5562
932 6123
3386 7888
1001 5029
3118 7137
682 8742
3083 7842
2228 5906
2773 9086
4037 9499
4975 9191
460 7586
2687 7863
4982 6971
4731 7607
1120 6180
720 5056
3020 8670
2074 7934
3720 8282
4102 8684
3652 6511
2316 7974
4556 6482
207 7842
4648 7741
1339 5097
665 5394
869 8840
617 5579
1701 5830
2947 5790
3158 7167
2210 7223
647 7997
2323 5527
66 7244
2257 6276
1206 8656
4877 7682
579 5140
1753 9674
101 9361
208 5252
1695 9010
584 8338
3265 6762
2811 9276
2494 9919
3694 5820
56 8382
3832 8816
1443 7837
3546 5394
2618 5107
182 9763
39 8266
150 8799
1705 6844
3521 9593
63 9724
2594 7691
3687 9581
4421 7109
3074 9885
3267 6812
1273 5826
3164 9260
1732 7826
72 6595
2123 9016
1808 5576
1889 6106
2567 6494
4970 9513
3182 9616
4755 8940
215 5216
4178 8174
2194 9414
2995 8846
1236 5103
3481 8812
4957 8744
2578 8708
2630 5112
2458 5568
4624 9630
2788 5088
1651 7389
2939 7959
1070 8667
2481 6123
2865 9068
860 7229
508 5878
1361 7296
2659 5687
1340 8951
3360 6361
4607 9138
2074 6111
664 9494
1699 6167
2768 5702
3863 9136
1568 7769
3065 9530
2213 5475
4765 8299
4225 7245
1776 6823
197 5351
1139 8706
4113 7209
2225 6120
1727 7633
2364 5691
1306 9241
952 6475
1640 6669
2517 7890
3154 8860
3942 6317
1258 5726
3911 9525
4789 6847
3712 6607
2176 9288
1857 7070
950 6185
474 9640
4060 6585
3453 6473
4371 6196
3427 7034
2083 9865
4832 7382
4139 9235
2268 7046
1063 6791
3270 6302
1919 7363
3842 7653
3899 8705
1117 6878
2537 9625
3830 6588
2179 5972
3123 6846
240 5043
3465 8521
2941 9955
1631 7585
543 8110
4589 8503
2847 9506
3576 9099
2469 7973
4803 7022
3784 8169
2185 8734
4729 9856
3719 7393
4476 9897
640 7228
3038 5546
1495 7705
762 8564
825 8682
3661 8997
2734 9900
4184 9616
4412 9735
3063 5627
909 6166
2662 6848
1717 8628
521 6785
1800 7835
2854 9024
4813 5408
1043 6543
1110 7472
2158 5107
862 6378
1979 6185
1102 7193
1400 9844
2357 9621
1381 8497
4072 6614
1727 5570
864 7162
2628 7320
2762 9032
3476 7320
2742 8373
137 8988
1076 5339
4091 9538
2905 7789
1788 7103
3920 6591
340 7853
2999 9196
2605 6267
3581 8077
3273 6607
3341 9903
3847 7126
4250 6375
452 8111
3740 7354
4953 9502
4773 6974
4636 9319
4260 9480
1845 7102
4870 7455
902 8880
2203 8591
434 7388
790 9266
3026 8143
4674 5095
4009 5219
4829 5655
1300 6442
1022 7389
2100 7239
2949 8732
4087 9594
4443 5930
3204 6408
4884 5138
3243 5034
536 5722
3357 6670
352 9191
859 5320
4176 5071
965 7071
1966 5320
4444 5942
3134 5314
4973 5573
3710 6585
1530 9451
3551 8062
2031 5861
2152 8871
3480 6006
2139 9063
980 9118
1691 7012
2389 5148
1303 5453
3387 9803
2190 5260
4110 8063
1607 6964
978 6427
2841 7681
3008 6988
1260 6523
4758 8423
3309 6659
4314 5741
3471 8934
3621 8720
4724 6786
1063 8549
3154 6719
2713 9447
2556 5272
3428 8895
3564 6925
4929 5965
176 6229
1669 8895
2077 6076
4971 6561
551 6156
718 8884
2617 7246
2154 5902
3370 8514
1273 5988
4035 6943
3356 8498
642 8444
176 6297
3728 9937
2323 8207
3198 6666
2149 5686
3693 6657
2905 5205
4775 6379
2570 9247
3360 9616
4435 5098
2288 9313
1223 7818
301 7310
3993 7317
1453 8852
495 8750
1713 6591
1947 5343
3852 6979
3334 9027
1655 7058
767 6555
1208 8075
4984 5446
4395 9819
2742 7724
3578 7037
3133 8846
1619 6050
431 9421
4751 5648
3978 6028
2421 9366
40 6108
3908 9806
2796 6585
650 5647
1661 5564
2224 7120
2454 5024
4991 6708
2196 9885
3097 5003
3837 6065
868 5998
1386 7586
4530 5795
4258 6365
2972 7010
791 9799
1204 6493
2553 8203
960 6686
1267 9356
1957 7378
2863 6492
1339 7767
4547 9394
922 6270
3036 7121
457 6787
2446 6836
1008 9612
642 5678
3204 5308
116 7969
1019 5491
1961 6054
732 5386
3890 8969
542 5922
807 6153
3979 9434
1265 8452
4069 7926
2089 9119
1205 7699
3639 6203
2682 7482
2847 9682
4474 5576
4882 9182
729 8863
4102 8237
432 5486
4851 5379
1736 5440
144 9104
3124 5437
1839 7524
4117 6227
2130 7448
3606 9519
3669 8438
4436 7297
4331 7701
1654 5400
1690 6045
2854 7786
4592 5630
4879 5112
2369 9643
3875 8394
972 5537
3332 7420
1121 8964
3226 9610
1858 8143
696 7258
3903 7788
163 7462
2111 7649
20 8864
2977 9429
3858 6476
1738 5754
2024 7757
4637 7585
3557 8246
2160 7994
1962 6035
1580 7916
4921 9328
1012 7486
2780 6181
4327 7322
3334 9980
1211 5891
303 8232
4446 9513
1074 7507
1030 5888
953 9052
4895 8459
4329 5545
4671 8213
4981 9113
2817 6751
3723 6113
1445 7224
4431 8029
4057 5224
4481 7824
198 6060
223 5166
2264 5189
4278 8238
3650 6973
4472 5320
3867 9893
2618 7475
4838 7830
3659 5305
2148 5070
3378 9228
917 5013
4902 7978
4090 6772
2763 8299
2246 5427
2493 6024
1433 6115
1550 5743
2545 8866
4043 5733
1657 7046
664 9392
3374 5327
1896 5707
1770 5869
1067 7191
2070 7170
4701 8282
100 6468
410 6134
709 8914
2192 6632
1965 7000
280 7081
1919 8636
844 6352
141 5682
854 5378
4447 5841
977 9645
244 9335
1177 5458
1947 7863
2397 8805
4068 7637
1592 8392
2547 8589
3402 5615
4425 7916
592 6769
3478 6763
4839 5953
256 8123
4199 5748
4969 6448
4669 8282
2826 5236
1954 7428
4349 6161
4694 6183
486 9515
1598 6221
1355 5579
304 8751
4006 6481
1006 5860
93 5277
379 7788
381 8621
2725 9471
4533 5478
2619 9187
4811 8361
948 5173
4041 7626
3200 9442
369 7367
4273 9729
595 6495
2857 5208
1030 9144
3934 9896
130 5241
3925 6639
1949 7413
3581 5823
1205 7956
4528 9518
4390 5833
1678 9978
2202 6743
4444 9166
4725 7601
4399 9535
1088 6858
2857 7781
4682 7755
973 6900
1024 7578
3940 8776
3154 8920
1869 9905
3083 7625
3873 9780
3501 9545
8 9519
1510 8101
3671 6757
1248 7011
3221 9522
1031 8995
1753 7590
4522 9093
1226 7387
3810 8126
2445 10000
4331 6847
802 6812
2707 9593
4737 9188
431 5854
2879 5695
2971 7060
3480 8498
1434 6167
890 8059
1339 5348
4547 5623
3819 7129
1215 9406
3411 5953
4763 5305
2624 8826
1407 7605
2506 5547
3477 8449
3 8514
3882 8344
4513 5750
124 6746
4673 8033
4451 6969
4344 6403
3557 5133
1577 6041
3330 5035
805 9986
4765 8911
3638 9404
3314 6843
3565 5357
2320 6896
1644 6663
4025 7061
4368 5039
22 8425
3095 9250
3203 8087
2675 5364
3093 7380
149 6095
404 6680
3798 6110
3505 9837
1526 9326
86 6865
1032 6254
4611 5967
330 7457
3838 8932
1895 9907
4481 7016
528 8659
953 6154
2414 7649
3925 5853
3022 7721
3104 9290
3345 5027
4485 8254
1215 9150
2720 6559
4937 7310
2252 8271
1744 7218
4891 5476
3793 7548
4428 6316
3376 9025
3783 9391
2810 8938
2574 8466
4998 9614
2713 6692
4515 8930
3379 6995
2390 5639
2181 9123
2674 8834
976 6176
2342 7147
1859 7174
2380 8827
407 7245
3410 8232
1778 9090
1221 6550
3992 6734
1951 7659
1952 7728
3041 7097
4805 8829
4818 8249
1404 7749
4663 7162
1560 9922
4187 6386
764 7052
392 8382
4520 6995
2906 9820
2560 9656
4900 7221
2094 5899
4067 9896
4908 8710
1608 9399
497 7113
2177 7710
3618 7810
2794 7470
3310 7323
2647 6255
4859 8780
361 6839
205 8274
776 8182
1224 9166
4554 8847
4452 9539
4571 7919
2691 5103
3063 8288
1853 8651
423 6347
2697 5334
4091 5164
2619 8772
493 6648
3999 5066
3625 5498
619 5894
1565 7944
3669 7932
2744 6649
816 6038
582 9105
2618 7826
835 8182
3325 6208
2991 5145
1414 7037
1040 6943
491 5075
4670 7580
3962 9102
4025 5738
2402 9263
1458 7992
2898 6157
2942 6922
2310 9814
379 6932
4991 9283
600 7123
4328 7094
1529 5836
1850 8074
1213 8445
4282 7783
1824 8254
4633 8906
1857 7484
3140 6885
4019 7844
2805 9516
1082 6844
2436 7512
4608 8408
4548 6351
4370 5652
197 8451
4273 9523
118 6679
3172 5714
950 7951
4902 9827
1480 9475
868 9621
2947 6919
4138 5049
4833 6338
4030 6061
2702 5703
3334 7869
2001 8242
4318 8347
3813 7069
2353 8987
4131 7751
1102 5229
1152 8112
565 7070
2632 6985
511 7067
31 6076
928 5489
118 6585
108 5489
1590 5400
1120 5380
474 5232
2567 9045
3755 5621
2043 5854
2390 8311
3359 8532
3724 7995
4497 8312
1634 9258
4055 5105
36 7033
1391 8961
3710 7752
4282 5312
2653 5114
3259 8323
3804 9195
152 9362
1327 8301
4857 9879
2389 5770
2923 8434
3731 8336
3957 7295
2257 8643
4936 6017
4723 7688
1477 6453
4093 5407
1196 9854
3496 6827
495 7280
3715 5178
2035 6959
940 6405
3063 9593
3923 7540
2080 5838
3680 5526
1447 9364
1233 8493
684 8933
2330 6905
1326 5354
316 7760
2125 5738
1114 8330
1509 7677
3443 7746
3933 9530
3627 6835
2311 5929
4660 5941
619 5095
2993 9332
1766 5063
4467 6989
4712 6778
3760 8613
1546 6279
3788 7324
2943 9284
1417 9290
2614 5126
1169 5188
4218 8200
4759 9657
3723 5755
853 6864
1918 6291
4392 8984
383 7965
1215 6892
445 6427
1490 5851
2182 8717
3038 9064
588 6344
2781 9858
2017 7398
192 6533
2222 5105
2045 5355
1923 8126
2363 8644
2930 8376
3301 8542
2533 5898
248 6082
3850 7024
12 7223
859 6446
2906 9434
2878 8734
807 8228
831 9430
4480 6077
3653 7896
447 9178
4834 6093
4404 5539
4929 6816
4789 8501
1573 5580
1985 5936
3256 8022
2194 8125
569 9796
1275 6956
3781 9837
2670 8215
4715 8483
4910 6407
1075 8321
4481 5212
2223 7922
3075 6868
3759 5820
1290 9895
3085 9146
3069 9978
307 6709
1938 6920
1288 7472
3095 8937
1441 5773
2386 5772
3549 7684
4900 6938
1126 6432
3507 7830
4988 5261
110 6801
735 9940
3219 5240
623 5966
2932 9821
3721 6027
4828 8706
4935 5957
283 6591
3531 6852
945 6749
481 8793
2130 8280
4907 6389
437 9646
272 7983
1903 6859
757 5215
2690 5215
165 6539
259 5628
4274 9404
469 9427
3621 5250
4578 9142
291 5103
3568 5741
2159 8637
4119 9040
91 7589
188 7019
2972 5757
4355 7724
1726 5668
2324 7178
3544 9639
2929 5330
280 7509
485 5876
308 7741
602 8009
623 6406
3271 6405
188 5021
781 9554
4849 9965
2485 5159
2358 7514
1610 8097
3394 5429
1418 5023
2135 9690
3526 8861
3790 6815
3486 7642
2539 6788
3523 6650
4876 7958
4202 9253
2046 8926
1595 7721
3022 9024
4054 9502
826 5772
4376 6885
1046 7202
2323 5704
4558 6016
684 9280
2637 9464
4517 8731
3868 5424
4938 9529
774 6588
1493 7311
1689 9611
3421 8086
3631 9854
3487 7301
2122 5526
3483 8645
3688 9748
3352 7543
4517 5687
2145 8405
1326 7319
4780 9046
2010 8289
2126 6818
1923 6976
390 8276
3695 7199
4226 6358
2016 8550
423 5776
3185 8111
1038 9880
1102 9839
2373 7506
879 9783
1258 7105
1744 6016
3818 9858
1383 5026
4327 6725
2697 9235
4151 5920
4861 6247
1005 5822
3696 7547
2482 8429
3872 8326
2773 9313
107 7394
1252 9020
3500 9316
4142 8799
1939 7519
1248 7158
2532 9753
1094 9267
2788 9485
2401 5829
4664 7040
2668 7374
2965 8103
4872 9857
2856 6301
2374 5787
2330 6602
1215 5142
2338 6590
2647 6262
2208 6672
1961 9089
587 6892
4211 9781
4394 7716
3059 5124
4131 7047
1390 7557
1788 7903
1791 7356
3883 5166
4077 6124
1459 9266
523 6027
2877 6436
4969 8186
1001 8281
4605 6869
3237 6570
1628 8441
2641 6160
3826 7063
2781 9945
3640 7819
2158 8749
4824 5928
3416 6254
4075 5581
2846 7187
4320 6016
4433 8935
2055 7896
3806 6386
3151 9761
4993 8113
2018 6376
1050 7575
4653 8517
200 9922
1473 5588
3113 5790
3891 7633
4406 5593
4273 6742
4246 7699
1501 7120
90 9428
3826 6563
3910 7110
4044 6446
1589 5123
4251 6102
3893 9229
4851 9468
3954 9907
1450 5883
1270 9365
4345 8733
3703 8164
2761 8206
2012 8778
1098 7239
4965 5158
4743 6166
1742 9489
3823 6246
1549 8663
3251 5438
2203 7400
1995 7614
1998 7020
2758 5782
3136 9334
4429 9122
170 6990
932 9600
4891 7025
633 9694
1375 8069
923 9405
407 9103
3649 9444
657 5541
456 8022
3979 9287
3703 6244
1008 7233
1385 9995
4678 8280
4944 7405
1729 9368
4531 6675
3058 7710
3786 7412
778 9404
4999 5941
4473 9602
4578 5795
4634 5692
3537 7982
3105 7233
399 9375
319 6943
778 8596
2289 5517
4827 8187
3050 7038
4394 9032
836 6868
4775 6405
2268 5293
2310 6185
3669 7372
102 6560
2029 5474
4170 7578
3111 5338
1044 8937
885 5259
552 7140
4193 7422
3967 8563
535 7109
4091 5306
2134 6285
4085 5095
570 5988
4846 7679
3828 7098
4918 6184
2386 6508
4919 8914
3972 7522
1326 9085
792 7589
3866 8130
4424 7835
1141 9654
1181 6192
775 5404
1086 6711
4966 8212
2954 7590
948 9918
19 5704
735 8652
4793 7899
850 8872
873 7670
593 9099
4168 7836
4399 5182
1532 8776
4747 5277
2644 5796
4135 6154
1152 6377
4092 8632
2993 8504
380 5291
3884 8864
4359 8053
420 5260
4547 7261
2155 6356
1763 5639
1742 9997
4989 5056
3042 8671
3943 6200
4163 6320
4862 5150
3064 6429
4808 6948
428 9220
2860 9553
1680 5249
2754 7220
4294 6904
1838 8381
3628 8672
783 8690
4790 9983
3415 8599
594 9979
3634 5884
1663 8669
990 5677
3617 5131
4981 7745
2644 6315
2916 9873
1778 7395
4267 5798
2013 8976
3324 7465
3200 9436
2641 6652
1077 5058
3363 5712
3110 8661
3378 5073
2221 5152
1754 6689
998 5508
2528 9838
4056 5506
4947 7178
2807 5404
2349 5891
4271 6011
2223 7500
305 6557
3519 7200
3000 9300
626 6131
2744 6970
2980 5378
4222 5880
2288 8917
1419 7115
3728 6696
2783 6197
1279 7214
1289 7453
1942 8710
4275 7620
2751 7109
1498 9630
3977 5091
750 6340
274 9140
4479 6189
4931 9765
1277 7636
4831 6924
4379 7611
1384 7140
1309 8671
3873 6125
874 8040
2351 9881
1025 6896
1036 5286
4347 8855
1014 6614
4191 5345
2619 6553
1918 8222
3360 9059
4146 6678
494 7962
4045 6096
456 5091
448 9188
3479 7985
4892 7951
338 8346
703 6801
1151 5166
4344 8137
854 6697
1321 8366
911 6374
2409 6182
3018 5928
1828 9773
4381 7188
3217 8545
2109 9171
4934 5929
3000 8482
921 7425
4932 9912
3028 8356
4674 8055
3259 7914
2103 8773
4243 5925
4367 6732
3315 8319
1577 7633
1118 7607
2762 9211
2205 7982
416 9339
3210 7294
3413 9301
1802 9098
2447 7056
313 5918
1326 5103
2026 5901
3968 6315
4593 6718
2391 5103
843 5734
4223 5392
1893 9086
951 8022
3553 9967
3339 5008
3282 7203
1112 8062
1019 9148
2411 5713
2997 6018
2990 5999
3642 7130
1716 5364
364 6179
3740 5079
46 8766
3827 5341
4416 5378
4580 8053
321 6644
2873 7359
456 9492
4266 9813
3362 6139
2726 5703
3923 8550
4263 5956
4761 6594
3190 5026
4841 8842
1221 7975
4634 7281
360 5884
4903 7248
21 6912
320 6868
4563 5474
3818 9049
97 5602
714 9290
4610 7393
4464 5090
4866 8447
3161 9185
4504 5263
1923 5746
3397 8814
4332 9649
1455 6627
2174 6665
4476 9180
3944 5690
1317 8616
3777 5084
72 7906
2650 7327
1276 8929
1283 7941
1127 7351
1279 6876
2313 9798
4654 9352
3780 7773
1209 5138
53 6634
2177 6205
4538 9488
1942 7284
70 9572
101 8196
71 6763
4479 9105
1077 9759
1467 7947
2966 5822
2548 5715
2886 7763
56 9846
1226 8926
2957 7882
2770 8863
3815 5526
1273 6730
1685 9529
4606 7427
1337 9720
2295 7579
2339 9673
1700 6645
4786 6363
4303 9751
3815 8299
929 8271
109 5792
4631 8288
3883 8854
3569 7062
2783 7888
4485 8759
4311 7038
3382 8051
3275 9970
4039 7378
3866 8798
4738 8137
3749 6322
3131 9175
1532 7743
3507 6706
2481 7340
847 6758
4287 5654
4249 6932
4304 9280
2101 8581
4482 8819
178 7044
1553 9046
2847 9784
4629 9367
3758 8796
205 6496
529 9914
2665 5750
4669 7377
3940 9889
4065 6782
1206 6326
784 8585
1533 9018
2971 5464
2600 9876
4897 5733
284 7648
3984 9093
1941 9666
4166 8029
3322 6934
36 8101
3311 5481
2980 7866
2548 5963
2831 9292
1078 9276
3770 8115
1477 6923
4829 8888
236 5660
509 9332
4631 5991
2222 8951
4580 8213
254 9744
618 9762
4812 6148
383 7926
2184 6254
1570 8283
3719 9330
3117 9080
2317 8550
4396 6541
4732 9900
1853 9170
3720 8310
4265 5151
1609 7162
430 7854
2411 7202
2565 6235
1508 8522
2773 6605
1710 7622
2968 7992
4373 7660
2748 6497
107 8117
1049 5625
4826 6679
1293 5076
3572 8138
2732 9185
4519 5954
523 9699
1987 5574
3240 5926
4023 8213
1249 7599
2139 6820
4913 9499
2565 5906
2732 6254
1330 6476
523 5779
2616 9832
3393 5458
890 9763
1145 6784
2361 5749
2624 8004
1705 8344
4623 9343
1074 5317
3855 9273
10 7646
4692 6151
920 8640
2881 7188
2428 9317
3073 6106
4921 6248
4644 6812
3089 8833
1624 8321
1020 8303
763 9764
3545 7232
1120 6579
3108 5766
2506 8638
561 7171
3958 6416
4700 6727
2700 8723
2281 9907
329 6508
4338 5039
2522 5166
4520 7397
1118 5663
2602 6871
1958 7865
2092 8474
2926 8931
4971 6288
2979 7817
1812 5574
4758 6569
4911 7069
2643 8495
4276 6898
4382 7784
4865 8192
2237 9233
3027 8090
1751 5576
4989 6001
1682 9565
351 7624
2191 5630
594 8771
487 9726
3874 8247
2060 9374
4020 6905
3912 5174
1128 9961
2193 8864
4499 9176
4391 7892
1502 5337
2588 7542
4567 5885
3471 5565
4312 5837
4040 9587
4147 8085
4737 9918
2238 5864
824 7795
3140 5086
617 9414
1610 9518
1060 5814
1814 9411
4292 9212
3583 6581
2514 6329
1544 6086
1407 6019
3462 5030
1096 7776
2022 6252
3253 9327
2823 5741
655 5978
4520 8731
2612 9256
4004 8640
2049 8821
3355 9859
3728 7546
4774 9341
1304 9073
309 9316
1572 5483
2392 5962
3780 5173
2701 6718
2618 6806
986 7415
3377 7386
717 5499
2447 5606
2172 7059
3498 8936
637 5025
2574 8398
1248 5489
4022 7031
4316 9943
2698 8253
3727 7752
4604 9206
4178 9085
143 5007
3785 5903
2453 9136
4302 8335
4878 6321
1019 8686
956 7892
330 5749
2380 5164
4691 9502
3046 5482
767 5162
3844 5098
1798 5068
3667 5786
1988 6789
4757 9973
701 6705
2346 6207
1237 6461
4294 7391
3970 6223
2365 9653
3261 5743
1613 9990
2622 5893
1693 6272
715 9858
1922 8998
4081 7746
1037 8669
434 5445
4531 6990
4315 9243
1332 5289
3972 8809
3935 8543
3684 8090
3905 8651
1132 7518
4369 5104
1304 9724
210 6418
2774 5076
868 8393
2063 8942
1673 6150
3174 6467
163 5456
494 5171
1196 9531
1593 5546
9 7613
1891 8633
1617 7979
3165 9292
4628 6483
3677 9547
1852 6704
4303 8237
3375 6036
1668 5952
1820 5424
99 8014
4150 9057
2013 5572
3044 8342
249 6591
1181 8518
2635 9799
3654 6150
1424 7172
2190 8637
1223 9404
345 9626
3060 8819
172 5737
2763 9760
2550 8356
2221 9192
629 6308
2555 5472
1331 6211
1004 8156
4326 5042
3279 5109
1827 9628
2758 5087
4306 7249
112 5245
1270 6747
2464 7838
3453 8487
2009 8347
3524 6575
4347 6409
1514 5011
945 9076
2026 8780
1148 7307
3374 6810
4601 6028
2851 9544
3385 6369
4278 6962
2411 6462
3004 5792
1956 9661
510 9068
4914 9666
106 6811
149 8943
3613 6830
4536 5823
2966 7749
3817 9332
4987 7985
4868 9006
4351 5088
4697 6242
435 8627
1229 6120
2253 6922
2443 5718
4569 5559
4765 6371
4199 7627
3595 6120
783 9732
4274 6046
1306 9081
3069 7411
4171 9201
2650 6139
2324 7366
3198 5274
3333 9006
2150 7457
4462 8848
2401 9424
1637 8785
39 8755
2551 9141
3672 7219
2899 8199
4286 8861
4270 7470
2726 9800
984 9925
4066 5109
2624 9418
3603 5183
271 8236
3462 9651
993 5130
3137 8527
4317 7145
4557 9649
2413 7740
2851 8396
2687 9874
2721 9850
4188 6984
1243 6605
4339 6780
1123 7136
3160 8241
838 8659
3911 9047
1508 7145
573 7607
3279 5239
1848 8899
3341 9788
4853 7702
4256 8014
3909 6193
2668 5574
35 8587
3663 9663
348 6060
2241 8289
4033 9727
4357 5448
2642 9538
2507 6623
4080 6522
348 8818
2780 9891
1581 7681
1306 7262
2993 7623
4312 7983
1772 9672
2071 8723
1824 7513
302 9692
2565 8223
43 7065
3273 6277
3639 7170
4548 5444
2663 6965
582 6513
4530 5731
3877 9654
1285 9431
4689 6637
1489 5056
2427 7498
3148 8756
234 9049
1352 6827
3505 9471
2232 8523
2866 9580
3594 5340
111 9549
1115 7860
4876 5950
2885 6711
4093 8100
1650 7362
1443 7710
2883 6887
2966 6054
2875 7378
2516 9132
1544 7778
4128 5795
781 5693
2193 8933
3912 7646
3248 6743
284 7779
1681 6042
253 6625
4160 5858
681 8098
625 9266
2762 5635
1070 8108
613 8294
3187 5905
728 9807
300 7718
957 9158
2664 8146
4738 6986
2731 8475
4816 7916
4650 8029
439 5015
4117 8915
2461 5801
3346 6157
1487 6953
2128 9966
2528 8729
512 6099
2305 9944
511 8069
3081 9016
2792 5528
3720 6420
869 6146
4171 9987
3678 9810
3231 7969
4410 7338
818 8061
1036 6803
1696 7338
751 5641
987 6035
3065 7526
1619 9387
4285 9212
2346 8779
1484 8003
4440 9176
1187 8277
4108 8758
4254 6790
3892 8563
961 7309
518 8500
2942 8038
1554 6395
512 6833
1616 9004
3420 6341
1727 7330
3168 5184
523 8065
2653 6316
3196 6237
4318 9066
4373 6380
2847 6092
4810 9913
3191 6490
1411 9055
1726 9354
2742 9397
32 9091
1710 9041
2133 9779
2137 8580
101 7552
3769 6387
653 6176
2215 7675
2812 8697
3191 6246
3312 8485
4822 8777
164 9909
113 7755
3923 9961
927 6253
4660 8648
2459 6969
2938 5136
522 5971
204 9380
2930 6043
2044 6069
3969 5052
3693 5848
1393 7472
1703 9451
157 5862
4304 8622
1104 9471
3811 8930
3647 8266
409 6113
3844 5464
2331 5231
2526 9818
3897 7272
930 6172
1508 8150
3578 8663
3873 7886
4968 8630
2042 7209
3002 8834
108 8995
3577 8819
840 5341
4574 7421
540 5423
3793 7363
351 8366
2972 5988
376 5285
2108 8525
2831 6028
4634 8103
8 9156
1550 9136
736 5029
2727 5667
3047 8575
302 6276
272 8822
859 9185
3407 9840
3340 5087
393 6504
1889 8631
4665 5836
1081 6710
2065 6581
2650 8265
484 7502
2255 6929
1446 5367
955 6832
2351 5471
2397 6849
3918 6955
2149 8021
4500 9445
967 9270
2309 6743
1513 7527
1212 9794
2550 6411
1464 6182
4687 9099
4571 7450
519 8194
392 6960
4639 5793
2880 5338
4088 7931
4526 7593
3719 5920
3936 8525
100 6834
4996 6199
3969 7515
3699 5802
2638 7667
4238 9673
617 8604
2006 5465
1943 9031
122 8502
1368 5173
273 6523
3068 5047
3212 6758
3861 5313
4177 6361
4492 5699
574 5822
2177 8277
4920 5831
2913 5820
1333 6843
1536 5863
2160 5866
2588 8920
2903 6896
3543 9149
379 7475
2234 5700
4920 5916
3855 8205
3800 6787
4013 7725
1343 5954
2318 9879
2614 9759
1292 6581
2142 5192
3679 6365
1987 7969
187 5875
724 6740
2837 9585
2739 7451
4416 5281
4687 7265
4801 7400
3368 8798
2812 9305
4020 8583
842 6881
402 9834
1460 9358
91 8766
4578 5082
4787 5820
3411 6551
502 7005
2865 7934
4926 5919
4383 5960
4776 6976
4527 6885
2356 9069
4714 9709
485 6784
4555 7192
3878 5338
2020 7330
1572 5229
686 5733
4846 7532
2855 9202
3767 7661
1516 5107
3224 9378
4538 9873
4415 6820
213 8446
4717 7959
2080 8865
3243 9547
2355 5654
4195 6338
2437 7646
3643 8468
3388 7354
3794 7298
2870 6715
4289 7993
3479 6432
2143 8541
807 7954
1331 5803
3710 7178
2221 5244
788 7484
962 7673
146 8903
841 8251
78 5455
4057 9835
4039 9521
2207 8373
3470 7054
2561 7626
3165 6777
3879 8938
4498 9633
767 6425
3332 9547
2662 8079
1379 9076
1184 5353
1300 9433
3197 8332
2925 7353
1902 5280
1806 5300
787 7786
3009 7647
194 6766
3618 9023
973 7779
1130 6602
3931 6172
442 9102
4125 9972
1564 7022
4794 5664
3961 9722
2095 7702
4906 8994
1533 9257
1388 7748
315 5473
1945 7794
3620 7393
1611 5277
3073 7752
3709 9170
1030 6935
4172 5444
543 9676
2424 8742
2371 9995
2581 8409
4079 8429
1674 9066
3655 7535
4780 6421
1031 5260
1781 5432
3547 5909
3933 9692
2496 9947
3857 7374
1557 6424
164 9501
3145 5761
256 8174
4580 5270
4361 5155
2848 8451
1160 9277
2990 9244
2630 5015
3152 8895
133 8245
4019 9845
2120 9065
2801 7922
3898 6875
2020 8492
649 6625
2363 5224
684 5911
583 9164
3122 7823
4958 5574
2951 7713
1004 9666
4180 7328
4574 5716
602 5995
2452 9398
522 5120
4817 9984
2343 5324
1527 8847
4004 8028
2646 5375
702 7003
2791 7862
2367 9476
22 9335
2006 6124
2898 9625
1951 5029
2148 5959
2773 6544
4379 6334
4371 8907
4500 5941
2026 5197
824 6691
4826 9656
3013 8864
4594 8066
4316 6481
3643 9969
2650 6985
2257 6108
4175 6256
3843 9413
2491 5365
4537 6163
3991 5538
2001 9726
1915 7706
1412 8937
3374 5054
1620 9958
3581 5768
1064 7488
4811 8135
2981 5650
3067 9241
207 7597
4633 8202
4828 5586
3619 8732
4017 8674
2268 5271
4814 6536
1296 8168
2246 5642
861 7212
2903 9705
972 8160
1011 5945
4352 7189
2348 8378
888 6765
2201 9045
1930 6896
3928 8698
4631 6517
4351 9134
1664 8560
3279 5057
1679 8653
1556 8651
143 9353
650 8389
2178 5302
4990 9192
65 7573
4500 6963
4566 9003
1832 7190
796 5564
3866 7171
1412 8519
1889 6379
2902 6608
4520 6678
1134 6042
968 7352
3706 6357
724 5696
4868 7971
2743 8296
4695 6328
169 7800
2173 9038
1321 5966
2916 7662
3846 9685
3180 5336
449 7288
4008 7027
3956 5379
377 8093
1359 7754
239 5186
4545 6150
4104 6311
2586 7383
508 7977
1524 9417
3435 7706
4963 9060
4954 6650
3548 7895
2493 8854
1745 7546
3754 6250
4520 7123
76 5795
622 8368
4847 7944
1976 5785
4573 7378
1488 6269
4141 9116
3736 5688
1337 8884
2573 8873
3833 5003
2622 6491
2050 5889
2784 9792
1853 7644
3073 9835
606 8707
3605 9767
2735 6627
1626 5865
4720 5393
3909 8970
474 8301
2273 8119
4995 6555
874 9228
4363 5613
3936 7461
829 8473
534 9352
3811 7111
2279 9187
4386 6484
4384 6239
4182 5742
2701 8443
1712 5688
3853 9098
3491 5528
4986 7098
473 5448
1255 9915
3067 8126
4941 8894
414 9754
4421 8617
3554 6250
2364 9515
524 7375
4927 6927
4700 7183
3431 5112
157 5287
2349 8307
4130 5081
1734 7109
2864 6932
3691 8323
1105 7379
2046 8867
2734 7979
1533 9715
531 8590
2957 7181
1889 9308
3901 6689
3132 5212
3136 5062
311 8423
3719 9355
3501 9369
3585 5413
1539 8322
3293 9431
4173 5562
523 7020
1149 7188
2065 8637
4803 9699
4865 8403
4477 8504
661 7197
1352 6610
2050 9288
2645 7456
1918 5460
2363 8139
2986 9555
2670 9600
1739 9039
1959 9562
4385 8023
2395 5915
654 5669
1570 6382
2878 5273
2412 6689
2380 5018
1046 7136
4909 9632
1818 9120
1536 8944
1533 6214
2557 7102
1198 8170
2969 6384
2961 6789
680 7515
1717 9750
1286 5469
3192 6300
4908 5209
1301 9609
552 6499
3233 6934
4388 8676
2271 9116
4984 9689
2202 6047
4561 7364
1363 8210
317 7790
800 7554
131 9086
1599 9896
235 8611
2681 6585
2790 8243
4749 6880
3436 6787
3951 9250
1336 5056
3003 9799
1330 9907
2328 7290
4615 5414
2736 6761
4387 5142
4178 6687
4527 6339
4829 6058
3949 6056
67 7283
3859 6287
4617 5166
3875 9204
2093 8859
330 8453
1188 8396
1786 5148
3610 7707
3124 6228
4641 6171
2521 9462
473 8000
2637 7090
1458 7863
4453 8581
363 6425
2871 7958
3937 9430
3868 9363
3163 7139
4579 8375
1824 6609
1643 7719
1787 6377
2725 9991
1267 5965
1661 9861
1536 9366
1181 5903
2162 6902
1156 9387
2762 6460
4225 9880
4235 9787
2643 7019
948 5777
2227 9793
2865 5916
2590 8951
3683 5799
4616 9838
670 5891
2599 5596
4756 6087
1981 7659
2847 7121
576 6837
1146 5604
2443 7514
3337 9494
3009 7699
3043 6833
419 7025
3087 7133
1793 9275
4093 5201
4611 5029
172 7842
3683 7585
2470 8175
4883 5716
214 7099
115 8196
27 7137
741 6299
2725 5504
3625 5068
989 8730
3297 7259
1690 7345
2208 5563
2749 8203
1042 9275
1248 8259
1241 7002
670 8519
806 8985
3976 7637
3386 5790
2313 6976
1820 6208
1218 6636
4256 6617
1974 5451
832 9451
4182 6559
2460 6169
2408 7893
1770 5740
2542 6268
2266 8319
3548 7254
1044 9005
2848 6451
2968 5194
3481 7279
1541 5613
549 5032
4983 6064
1048 6699
771 6077
702 6833
961 7643
3221 9636
244 7764
4373 7630
1908 6294
386 8215
2065 6244
2751 9209
3954 6317
361 8344
3439 8462
944 7606
1697 8985
1484 6930
4230 8074
661 8821
4513 8290
4032 8194
339 7971
2518 8066
2205 9563
3584 8878
1574 9157
3071 6076
2654 5396
3506 6795
586 7075
4786 8039
1124 7613
3890 5131
1032 5759
3697 6978
1626 6776
2181 8098
1417 8070
585 9450
4513 9786
3060 6281
4668 5994
1031 6842
887 5436
439 8184
3496 5997
2323 8036
3168 7376
1580 7463
595 6967
1159 7391
589 8285
2427 6196
1348 5630
4946 8768
4262 9529
4897 6534
4765 7623
2227 6192
628 8480
1902 6732
2210 6730
51 7708
195 9785
3306 7959
3066 5370
2932 9613
4994 7976
4914 7657
3518 7567
542 5052
4389 7682
2008 7508
1981 9070
2726 6492
951 6387
2397 5402
2098 7227
4818 6421
2570 5750
3349 8567
1256 5896
4216 9280
4607 5930
1256 7881
1443 8842
1713 5474
106 8364
807 8840
1237 6619
4965 9446
4734 5816
1780 6849
4024 5999
2202 9144
2264 6346
1445 6007
274 9479
2896 8851
832 8909
1853 8843
1506 7135
274 5064
3635 6045
925 9215
4574 7813
3643 5756
4326 7213
16 8280
2511 5656
1603 8009
4366 9993
3450 9099
2191 9066
4139 8954
1233 6739
1203 8305
4677 6925
1025 9904
2861 8622
341 5913
4285 9347
4666 6310
3896 6294
323 6644
2668 6866
2520 8448
3595 8797
3153 7400
1657 8180
4884 6182
4611 6332
4813 5361
814 6378
4880 5811
2402 5626
2993 5245
3082 9508
1435 7587
4760 8431
2267 7166
4783 7976
4064 8258
2359 5812
3358 6077
3989 8914
421 9575
3514 8067
1122 6875
3439 5901
3028 9778
3332 8763
2740 8999
3416 9534
3721 9201
4328 7019
4594 8777
1512 9249
2420 5588
3180 8572
1420 6535
607 6143
2418 9811
1906 8971
1261 6645
2105 6101
3709 8205
1500 5162
1852 8126
172 7152
4890 5949
1645 8461
2070 8001
4816 9976
1705 9403
3478 7072
1945 9072
1556 9781
3447 7532
1553 5423
4509 5451
2349 9486
346 9562
4957 6282
1096 9587
2394 7988
410 7434
368 8636
1787 9983
3844 6243
3579 8179
354 6122
460 9725
1894 5808
2504 6229
3456 9864
4409 5337
1702 7736
4112 5785
3268 7063
348 7933
2325 7241
942 6196
1126 6843
2152 6395
4406 6573
1979 9214
3010 6885
4109 5965
3711 8423
1703 7854
3720 8791
2127 9200
4978 8602
567 7506
1442 9957
3987 9159
1878 5216
673 8581
1028 6742
1057 7287
780 8609
4148 9411
424 5414
2862 5271
3085 9276
2922 6774
3309 5194
3776 6394
561 8589
1447 7199
1689 8395
3019 6750
3260 9746
3913 5771
2579 6087
1612 5166
352 7986
3322 6993
1738 9246
3520 8581
4950 6763
4916 6087
878 7400
409 8575
4701 8342
2709 7776
745 9959
1764 6976
126 8020
3978 9817
2132 5407
2750 6953
3464 9203
2899 7767
4683 6957
3858 6442
1496 8146
1129 8422
23 6291
3605 6761
3540 6184
2763 8057
4934 8244
646 7368
3329 9365
1216 5133
4678 5394
2784 6577
384 5667
3988 8605
2869 7925
1785 8225
2232 8911
2437 5761
3239 6588
4965 5247
2139 5122
4668 9550
3263 6104
3154 5433
3801 9965
122 9970
3156 5233
2654 5474
1898 5176
420 6634
1261 6895
3311 5181
4617 9060
4770 6239
2002 8486
1696 7477
1019 9930
4357 8212
3848 7995
310 5977
1848 9109
4448 9286
2558 7913
1974 6477
1391 5332
4662 9141
3826 9956
2797 7241
2202 5859
1289 9716
3141 5504
1548 7891
4755 8553
1790 5492
2279 8013
3466 5690
353 7256
3196 7015
3125 9817
298 6337
4438 8559
957 6167
2942 8654
4861 5978
786 7688
1041 9422
901 8712
3155 5989
2133 5900
4391 6515
3874 9621
2507 9329
2072 7608
4727 9522
3148 6074
1624 8151
382 7377
180 7370
1036 6989
4299 5551
2933 6285
2922 7168
4001 7664
698 6938
3106 9903
4861 8662
1714 6971
329 9760
3017 8634
4611 7538
4302 8344
1718 6413
1120 7054
1567 9490
3163 9485
4554 7557
3746 5309
4665 7880
157 9977
3800 6379
3232 6510
2982 7689
4013 6078
1559 5765
1313 5415
920 8496
2130 7840
268 6913
3860 8704
2703 9446
4222 8225
3163 6710
2055 5798
547 7698
193 7712
1072 5379
4274 9217
4191 7181
3006 6193
911 7636
3079 7729
1078 9058
4775 8426
458 5299
3905 9398
3766 6551
2906 6161
4371 8395
94 7586
1700 8459
2827 8806
2043 8998
3971 7523
630 7000
958 6186
691 7040
4466 8932
359 7876
709 5926
4254 5901
3375 9272
3239 9679
3050 8422
1847 5500
446 7510
2128 9937
2007 9032
2030 6301
2681 6588
1023 6781
3688 8039
4646 9906
2964 5704
3132 6068
492 9449
112 6501
3674 8612
77 5554
4097 9902
1278 8262
2624 5715
1505 6379
3951 8944
2859 8021
938 5783
4066 8978
2436 7318
2908 8521
2111 5455
2487 7846
2957 9157
1359 7091
4949 8184
819 7580
4096 8333
3841 7904
200 9623
2809 6581
3683 7012
3643 8872
3460 7841
4821 7640
3078 8723
1609 6751
4030 5746
63 8406
3197 7625
3806 6023
795 6831
522 8530
4242 5500
991 9252
4924 7229
1468 6493
3964 8735
4463 8243
2409 7958
4271 7126
908 7593
3345 8027
1783 9839
969 6747
1019 5299
2420 6886
4241 8615
2593 8562
1783 8440
2392 5620
1438 8610
1915 6922
2214 6244
3261 5473
2788 6804
3871 7078
2291 9420
3749 5181
45 6543
4856 7722
1982 8623
3062 7936
1120 9603
4268 8459
4240 7432
269 5396
1901 5486
3919 5308
4053 8039
3666 6846
4096 7524
146 9560
4870 9088
2694 8063
1302 5447
4809 8791
4049 5803
3565 7034
1775 5974
2563 7241
1150 8140
26 6747
4697 9698
3385 6975
343 9229
333 8818
622 6592
2708 6702
3069 8185
4773 8494
3104 5350
789 7347
1758 5400
4900 8470
1215 6294
740 5107
1332 7295
1606 5813
4663 6582
2934 7971
4216 7010
3013 7715
3282 6335
2976 9105
2309 7885
3426 5194
841 5717
945 5003
961 5923
4802 7819
3439 8956
980 7961
4532 8219
1629 8882
2467 6691
2074 9780
4125 5917
583 8545
1639 9984
4112 6516
4679 6128
2508 7775
1430 6045
2843 7568
3357 8033
950 8603
2522 9476
4581 7095
4779 6623
1824 6068
3621 7775
527 6018
4004 8280
1231 8152
4896 5093
2117 9279
1861 7422
2457 5211
3964 7876
4544 8485
1088 6818
2184 5305
1233 5626
2830 5598
839 6240
1343 8695
2839 8188
3948 7033
3342 5537
707 7669
1450 7143
2073 9500
480 9099
1530 8498
